     1     1     3     1     6     8     2     4     1     1     0     0     0     2     1     0   919     0
     2     1     4     1     8     2     4     6     0     1     1     0     1     2     1     0   694     0
     3     1     2     2     4     6     8     2     1     1     1     1     0     2     1     0   617     0
     4     2     5     0     1     3     5     7     1     1     0     1     0     3     0     0   656     0
     5     1     4     1     8     2     4     6     0     0     0     0     0     3     1     1   551     0
     6     1     4     1     8     2     4     6     1     1     1     1     0     1     1     1   559     0
     7     2     7     0     5     7     1     3     0     0     1     0     0     3     1     1   794     1
     8     2     7     0     5     7     1     3     1     1     1     1     1     1     1     1   483     0
     9     2     8     1     7     1     3     5     0     1     0     1     0     2     1     0   704     0
    10     2     7     0     5     7     1     3     1     1     1     0     1     2     1     0   550     0
    11     1     4     1     8     2     4     6     1     1     0     1     1     3     0     0   568     0
    12     1     4     1     8     2     4     6     0     0     0     0     0     1     1     1   658     0
    13     1     4     1     8     2     4     6     1     0     1     0     0     1     1     0   727     0
    14     1     1     2     2     4     6     8     0     1     0     1     0     2     1     1   681     0
    15     1     4     1     8     2     4     6     0     0     1     0     0     2     0     1   550     0
    16     1     3     1     6     8     2     4     1     1     1     1     0     2     1     1   569     0
    17     1     1     2     2     4     6     8     1     1     1     0     0     2     0     0   542     0
    18     1     1     2     2     4     6     8     1     0     0     0     0     1     0     1   486     1
    19     1     1     2     2     4     6     8     1     0     0     1     1     1     0     0   567     1
    20     1     1     2     2     4     6     8     0     0     1     1     0     1     1     0   765     1
    21     1     4     1     8     2     4     6     0     1     1     0     1     2     0     1   623     0
    22     1     4     1     8     2     4     6     0     1     0     0     1     1     0     0   656     0
    23     1     2     2     4     6     8     2     0     0     1     0     1     2     0     1   955     1
    24     1     2     2     4     6     8     2     0     1     0     1     1     1     0     1   611     0
    25     2     7     0     5     7     1     3     1     1     1     1     1     3     1     0   646     0
    26     2     7     0     5     7     1     3     0     1     1     1     0     1     1     0   920     0
    27     1     2     2     4     6     8     2     0     0     0     0     1     3     0     1   812     1
    28     1     3     1     6     8     2     4     0     1     0     1     1     2     0     1   624     0
    29     2     8     1     7     1     3     5     0     1     0     0     1     3     0     0   554     0
    30     2     5     0     1     3     5     7     1     0     1     1     0     2     1     1   740     0
    31     2     5     0     1     3     5     7     1     1     0     0     0     1     0     1   694     0
    32     2     5     0     1     3     5     7     0     1     1     0     0     1     1     0   621     0
    33     1     1     2     2     4     6     8     0     0     1     1     0     3     0     1   683     0
    34     1     1     2     2     4     6     8     0     0     1     1     0     1     0     0   637     0
    35     2     5     0     1     3     5     7     1     0     1     1     1     3     1     0   667     0
    36     2     5     0     1     3     5     7     1     1     1     0     0     1     0     1   709     0
    37     2     8     1     7     1     3     5     0     0     1     1     0     2     1     1   779     1
    38     2     5     0     1     3     5     7     1     0     0     1     1     2     1     0  1100     1
    39     2     8     1     7     1     3     5     0     1     1     1     1     2     1     1   918     0
    40     2     8     1     7     1     3     5     0     1     1     1     0     1     0     0   531     0
    41     2     5     0     1     3     5     7     0     0     0     0     1     2     0     1   632     0
    42     2     6     2     3     5     7     1     0     1     0     1     0     2     0     1   658     0
    43     2     7     0     5     7     1     3     0     1     0     0     1     2     0     0   673     0
    44     2     8     1     7     1     3     5     0     0     0     0     1     2     0     1   661     0
    45     1     1     2     2     4     6     8     0     0     0     0     0     3     0     0   707     0
    46     1     1     2     2     4     6     8     0     0     1     1     0     1     0     0   596     0
    47     2     5     0     1     3     5     7     0     0     1     0     0     3     0     0   537     0
    48     1     4     1     8     2     4     6     0     0     0     1     0     3     0     0   487     0
    49     2     7     0     5     7     1     3     1     1     1     0     1     3     1     1   670     0
    50     2     6     2     3     5     7     1     1     0     1     1     0     2     0     1  1041     1
    51     2     8     1     7     1     3     5     1     1     0     1     0     2     0     1   641     0
    52     1     3     1     6     8     2     4     0     0     1     0     1     3     1     1   789     0
    53     1     4     1     8     2     4     6     0     1     0     1     1     2     0     1   676     0
    54     1     2     2     4     6     8     2     1     0     1     1     0     2     1     1   695     0
    55     1     4     1     8     2     4     6     0     0     0     0     1     2     1     0   872     0
    56     1     4     1     8     2     4     6     1     0     0     0     1     1     1     0  1100     1
    57     2     8     1     7     1     3     5     0     1     1     1     1     3     1     1   649     0
    58     2     8     1     7     1     3     5     0     1     1     1     0     1     0     0   563     0
    59     1     2     2     4     6     8     2     0     0     0     1     0     3     0     1   833     0
    60     1     2     2     4     6     8     2     0     0     1     1     0     1     0     0   696     0
    61     2     6     2     3     5     7     1     1     0     1     1     1     3     1     0   604     0
    62     2     5     0     1     3     5     7     1     0     1     0     1     2     0     0   735     0
    63     2     6     2     3     5     7     1     0     1     1     0     1     2     1     1   568     0
    64     2     6     2     3     5     7     1     1     1     1     0     0     1     1     0   626     0
    65     2     5     0     1     3     5     7     1     1     0     0     1     2     0     0  1125     0
    66     2     5     0     1     3     5     7     0     0     1     1     1     1     1     1  1500     0
    67     1     4     1     8     2     4     6     1     0     0     1     0     3     1     0   723     0
    68     1     4     1     8     2     4     6     0     0     0     1     0     1     1     0   994     0
    69     2     6     2     3     5     7     1     1     0     1     0     0     3     1     0   610     0
    70     2     6     2     3     5     7     1     1     0     0     1     0     1     0     0   508     0
    71     1     1     2     2     4     6     8     1     0     1     0     0     3     0     0   788     0
    72     1     1     2     2     4     6     8     1     0     0     1     0     1     0     0   556     0
    73     2     5     0     1     3     5     7     1     0     1     0     0     3     0     0   672     0
    74     1     4     1     8     2     4     6     0     1     0     1     1     3     1     1   682     0
    75     2     6     2     3     5     7     1     1     0     1     1     1     3     1     1   874     0
    76     2     6     2     3     5     7     1     1     0     1     0     1     1     0     0   510     0
    77     2     6     2     3     5     7     1     0     1     1     0     0     1     1     1   772     0
    78     2     6     2     3     5     7     1     1     0     1     0     1     1     1     1   676     0
    79     1     4     1     8     2     4     6     0     0     0     0     0     3     1     0  1094     0
    80     2     5     0     1     3     5     7     1     1     1     1     1     3     1     1   765     0
    81     1     4     1     8     2     4     6     0     1     1     1     1     3     1     0   761     0
    82     1     4     1     8     2     4     6     0     1     1     1     0     1     0     0   551     0
    83     1     2     2     4     6     8     2     0     1     0     0     1     2     0     0   781     0
    84     1     3     1     6     8     2     4     1     0     1     1     1     2     1     1  1173     1
    85     1     2     2     4     6     8     2     1     0     1     0     0     2     0     0   849     0
    86     1     3     1     6     8     2     4     1     0     0     0     1     2     0     0   617     0
    87     1     2     2     4     6     8     2     1     0     0     0     0     2     0     0   642     0
    88     1     2     2     4     6     8     2     0     1     0     1     0     1     1     1   683     0
    89     2     6     2     3     5     7     1     1     0     1     1     1     3     1     1   731     1
    90     2     6     2     3     5     7     1     1     1     1     1     0     1     0     1   692     0
    91     2     6     2     3     5     7     1     0     0     1     1     1     1     1     1   712     0
    92     2     6     2     3     5     7     1     1     0     1     0     1     1     1     0   556     0
    93     1     4     1     8     2     4     6     0     0     0     0     0     3     1     0  1072     0
    94     2     5     0     1     3     5     7     1     0     0     1     0     3     1     0   561     0
    95     1     2     2     4     6     8     2     0     1     1     1     1     3     1     1   531     0
    96     1     4     1     8     2     4     6     0     1     1     0     1     2     0     0   808     0
    97     2     8     1     7     1     3     5     1     1     1     1     0     3     1     0   721     0
    98     2     8     1     7     1     3     5     1     1     0     0     0     1     0     0   532     0
    99     2     5     0     1     3     5     7     1     1     1     0     0     2     0     0   636     0
   100     2     6     2     3     5     7     1     0     1     1     1     0     2     1     0   767     1
   101     1     2     2     4     6     8     2     0     0     1     1     1     3     0     1   669     0
   102     1     2     2     4     6     8     2     1     0     1     1     0     1     1     0   569     0
   103     1     1     2     2     4     6     8     0     1     0     1     1     2     1     1   559     0
   104     2     8     1     7     1     3     5     0     1     1     1     1     3     0     0   572     0
   105     1     2     2     4     6     8     2     0     0     1     1     1     3     0     1   703     0
   106     1     2     2     4     6     8     2     0     1     1     0     0     1     0     1   620     0
   107     1     4     1     8     2     4     6     0     1     0     1     1     2     0     0   691     0
   108     1     4     1     8     2     4     6     1     0     1     1     0     1     1     1   841     0
   109     2     8     1     7     1     3     5     0     0     0     1     0     3     1     0   804     0
   110     2     7     0     5     7     1     3     0     1     0     1     1     2     0     1   481     0
   111     1     2     2     4     6     8     2     1     0     1     1     0     3     1     1   728     0
   112     2     5     0     1     3     5     7     0     0     0     1     1     3     1     0   747     0
   113     2     5     0     1     3     5     7     0     0     0     1     0     1     0     0   792     0
   114     2     5     0     1     3     5     7     1     0     0     0     1     1     1     0   594     0
   115     1     4     1     8     2     4     6     1     0     0     1     1     3     0     0   594     0
   116     1     4     1     8     2     4     6     0     1     0     1     0     1     1     1   796     0
   117     1     4     1     8     2     4     6     0     0     0     1     0     1     0     1   828     0
   118     1     2     2     4     6     8     2     0     1     1     1     0     2     0     1   539     0
   119     1     2     2     4     6     8     2     0     1     0     1     0     1     0     0   701     0
   120     1     3     1     6     8     2     4     0     0     0     0     1     2     0     1   644     0
   121     2     5     0     1     3     5     7     1     1     1     1     1     3     1     1   612     0
   122     2     5     0     1     3     5     7     1     1     1     1     1     1     0     0   579     0
   123     1     3     1     6     8     2     4     0     1     0     1     1     3     1     0   837     0
   124     1     3     1     6     8     2     4     1     0     1     1     0     1     1     1   724     0
   125     1     1     2     2     4     6     8     0     0     0     1     1     2     1     0  1187     1
   126     1     1     2     2     4     6     8     1     0     1     0     0     1     1     0  1050     0
   127     1     4     1     8     2     4     6     1     1     0     0     0     2     0     1   608     0
   128     1     4     1     8     2     4     6     1     1     0     1     0     1     0     0   594     0
   129     1     1     2     2     4     6     8     0     1     0     0     1     2     1     0   711     0
   130     1     1     2     2     4     6     8     1     1     0     1     0     1     1     0   582     0
   131     2     6     2     3     5     7     1     1     0     1     0     1     3     0     1   710     0
   132     2     6     2     3     5     7     1     0     0     1     0     0     1     1     0   799     0
   133     2     5     0     1     3     5     7     1     1     1     0     1     2     1     1   598     0
   134     2     5     0     1     3     5     7     0     0     1     0     0     1     1     1   747     0
   135     1     2     2     4     6     8     2     0     1     0     1     0     3     0     1   594     0
   136     1     2     2     4     6     8     2     0     0     1     1     0     1     0     1   729     0
   137     2     8     1     7     1     3     5     1     1     1     1     1     3     1     1   635     0
   138     2     7     0     5     7     1     3     1     1     0     1     0     2     0     0   654     0
   139     1     3     1     6     8     2     4     0     0     1     0     0     3     1     1   689     1
   140     1     2     2     4     6     8     2     1     1     0     1     0     2     1     1   594     0
   141     1     3     1     6     8     2     4     1     1     0     1     0     2     0     0   655     0
   142     1     3     1     6     8     2     4     1     1     0     0     1     1     0     0   567     0
   143     2     8     1     7     1     3     5     1     1     0     0     1     3     0     0   541     0
   144     2     6     2     3     5     7     1     0     1     1     0     0     2     1     0   633     0
   145     2     7     0     5     7     1     3     0     0     0     0     0     2     0     1   614     0
   146     1     2     2     4     6     8     2     1     1     1     0     1     3     1     1   460     0
   147     2     6     2     3     5     7     1     0     0     1     0     1     3     1     1   725     0
   148     2     5     0     1     3     5     7     1     1     0     1     0     2     1     1   613     0
   149     1     3     1     6     8     2     4     0     0     1     0     0     3     1     1   682     0
   150     1     2     2     4     6     8     2     1     1     1     1     1     2     1     1   471     0
   151     1     2     2     4     6     8     2     1     1     1     0     0     1     0     0   497     0
   152     1     4     1     8     2     4     6     1     1     1     1     1     2     0     0   510     0
   153     2     7     0     5     7     1     3     0     1     0     1     0     3     1     0   560     0
   154     2     7     0     5     7     1     3     1     1     1     1     0     1     1     0   733     0
   155     2     8     1     7     1     3     5     1     1     0     0     0     2     0     0   614     0
   156     2     8     1     7     1     3     5     1     0     0     0     1     1     0     1   697     0
   157     2     5     0     1     3     5     7     1     1     1     1     1     2     0     1   573     0
   158     2     5     0     1     3     5     7     0     1     0     0     1     1     1     0  1054     0
   159     1     3     1     6     8     2     4     1     1     0     1     1     3     1     0   875     1
   160     1     3     1     6     8     2     4     0     0     1     0     0     1     1     1   797     0
   161     1     3     1     6     8     2     4     0     0     0     0     0     1     0     0   553     0
   162     1     3     1     6     8     2     4     1     1     1     1     0     1     1     1   589     0
   163     1     4     1     8     2     4     6     0     1     1     0     1     2     1     0   884     0
   164     1     4     1     8     2     4     6     0     1     0     0     1     1     0     0   583     0
   165     2     6     2     3     5     7     1     1     1     1     1     0     3     1     0   547     0
   166     2     6     2     3     5     7     1     1     0     1     0     1     1     0     1   808     0
   167     1     3     1     6     8     2     4     0     0     1     0     0     3     1     0   668     0
   168     1     2     2     4     6     8     2     0     0     1     0     0     2     0     0   581     0
   169     2     6     2     3     5     7     1     0     1     1     0     1     3     0     1   522     0
   170     2     6     2     3     5     7     1     0     1     1     1     0     1     0     0   516     0
   171     2     5     0     1     3     5     7     0     1     1     1     1     2     0     0   544     0
   172     2     5     0     1     3     5     7     1     0     0     0     1     1     1     1   593     0
   173     1     4     1     8     2     4     6     0     1     1     1     0     3     1     1   647     0
   174     1     2     2     4     6     8     2     0     1     0     0     0     2     0     0   686     0
   175     1     2     2     4     6     8     2     0     1     0     0     1     1     0     0   828     0
   176     1     2     2     4     6     8     2     1     1     1     1     0     1     1     0   749     0
   177     2     8     1     7     1     3     5     1     0     1     0     1     3     0     1   517     0
   178     2     6     2     3     5     7     1     1     0     1     1     0     2     0     0   660     0
   179     2     6     2     3     5     7     1     1     1     0     1     1     1     0     1   619     0
   180     1     3     1     6     8     2     4     1     1     1     0     1     3     0     0   493     0
   181     2     5     0     1     3     5     7     1     0     0     1     1     3     0     1   505     0
   182     2     7     0     5     7     1     3     0     1     0     1     1     2     1     1   639     0
   183     2     6     2     3     5     7     1     0     0     1     1     0     2     0     1   491     0
   184     1     3     1     6     8     2     4     1     1     1     1     0     3     1     1   488     0
   185     1     3     1     6     8     2     4     1     0     0     0     1     1     0     1   574     0
   186     2     6     2     3     5     7     1     0     0     0     0     1     3     1     0   751     0
   187     2     6     2     3     5     7     1     0     0     1     1     0     1     0     0   527     0
   188     2     6     2     3     5     7     1     1     1     1     1     0     1     1     1   473     0
   189     2     5     0     1     3     5     7     1     1     1     0     0     2     0     0   568     0
   190     2     5     0     1     3     5     7     1     1     0     1     0     1     0     0   402     0
   191     2     7     0     5     7     1     3     1     0     0     1     1     2     0     1   200     0
   192     2     7     0     5     7     1     3     1     1     1     0     1     1     0     1   642     0
   193     2     6     2     3     5     7     1     0     1     0     0     0     2     1     0   844     0
   194     2     5     0     1     3     5     7     1     1     0     0     1     2     1     0  1238     1
   195     2     8     1     7     1     3     5     1     0     1     1     1     2     0     1   583     0
   196     2     8     1     7     1     3     5     1     0     1     1     0     1     0     0   652     1
   197     1     4     1     8     2     4     6     1     1     0     0     1     3     0     1   640     0
   198     1     4     1     8     2     4     6     0     1     1     0     0     1     1     0   818     0
   199     1     3     1     6     8     2     4     1     0     0     0     1     2     1     1   569     0
   200     1     3     1     6     8     2     4     1     0     1     1     1     1     0     0   521     0
   201     2     5     0     1     3     5     7     1     0     1     1     1     3     0     0   551     0
   202     2     6     2     3     5     7     1     0     0     0     1     0     2     1     0   747     0
   203     1     1     2     2     4     6     8     1     0     1     0     0     3     1     0   613     0
   204     1     2     2     4     6     8     2     1     0     0     1     1     2     0     0   534     0
   205     2     8     1     7     1     3     5     1     0     1     0     0     3     0     0   496     0
   206     2     8     1     7     1     3     5     0     1     0     0     1     1     1     1   617     0
   207     2     5     0     1     3     5     7     1     1     1     0     0     2     1     0   542     0
   208     2     5     0     1     3     5     7     1     0     1     0     0     1     0     1   599     0
   209     1     3     1     6     8     2     4     0     0     1     0     1     3     1     0   623     0
   210     1     3     1     6     8     2     4     0     1     0     0     1     1     0     1   787     0
   211     1     2     2     4     6     8     2     1     1     1     1     1     2     1     0   831     0
   212     1     2     2     4     6     8     2     0     0     1     0     1     1     1     1   847     0
   213     1     4     1     8     2     4     6     1     0     0     0     0     2     1     0   929     0
   214     1     4     1     8     2     4     6     0     1     0     1     0     1     1     1   669     0
   215     2     6     2     3     5     7     1     1     0     0     1     0     3     1     1   576     0
   216     1     1     2     2     4     6     8     0     1     1     1     0     3     1     1   588     0
   217     1     1     2     2     4     6     8     1     0     0     0     0     1     1     1   916     0
   218     2     6     2     3     5     7     1     1     0     0     0     1     3     0     0   573     0
   219     2     6     2     3     5     7     1     1     0     1     1     0     1     0     0   502     0
   220     2     6     2     3     5     7     1     1     0     0     1     0     1     0     0   486     0
   221     2     7     0     5     7     1     3     0     1     1     1     1     2     1     1   799     0
   222     2     8     1     7     1     3     5     1     0     1     1     1     2     1     1   943     0
   223     2     7     0     5     7     1     3     0     0     1     1     1     2     1     0   546     0
   224     1     4     1     8     2     4     6     0     0     0     0     0     3     0     0   567     0
   225     2     5     0     1     3     5     7     1     0     1     0     0     3     1     0   864     0
   226     2     5     0     1     3     5     7     1     0     1     0     0     1     0     0   542     0
   227     1     3     1     6     8     2     4     0     1     1     0     0     3     1     1   607     0
   228     2     6     2     3     5     7     1     1     1     0     0     1     3     1     0   649     0
   229     2     5     0     1     3     5     7     1     0     0     1     1     2     0     1   459     0
   230     2     5     0     1     3     5     7     0     0     1     1     0     1     1     0   534     0
   231     1     2     2     4     6     8     2     0     0     0     0     0     3     0     0   617     0
   232     1     2     2     4     6     8     2     0     0     1     1     1     1     0     0   578     0
   233     1     2     2     4     6     8     2     0     0     0     0     1     1     0     0   561     0
   234     1     2     2     4     6     8     2     1     0     1     1     0     1     1     0   600     0
   235     1     2     2     4     6     8     2     1     1     1     0     1     1     0     1   549     0
   236     1     1     2     2     4     6     8     1     1     1     0     0     2     0     0   625     0
   237     2     6     2     3     5     7     1     1     1     1     0     1     3     0     0   527     0
   238     2     6     2     3     5     7     1     1     1     0     0     1     1     0     0   489     0
   239     2     5     0     1     3     5     7     1     0     0     0     0     2     0     1   527     0
   240     2     5     0     1     3     5     7     1     0     1     1     0     1     0     0   568     0
   241     1     1     2     2     4     6     8     1     1     1     0     0     3     0     1   571     0
   242     1     1     2     2     4     6     8     0     1     1     1     0     1     1     0   619     0
   243     1     3     1     6     8     2     4     0     0     1     0     1     2     0     1   732     0
   244     1     3     1     6     8     2     4     1     0     0     1     1     1     1     0   856     0
   245     2     6     2     3     5     7     1     0     0     0     1     0     3     1     0   590     0
   246     2     6     2     3     5     7     1     0     1     1     0     1     1     0     1   494     0
   247     1     3     1     6     8     2     4     1     1     1     0     1     3     1     0   780     0
   248     1     3     1     6     8     2     4     1     1     0     0     1     1     0     0   729     0
   249     1     4     1     8     2     4     6     0     1     0     1     0     2     1     0   699     0
   250     1     1     2     2     4     6     8     1     1     1     1     1     2     1     0   577     0
   251     1     1     2     2     4     6     8     0     1     0     1     0     1     1     0   794     0
   252     2     6     2     3     5     7     1     1     1     0     1     0     3     1     0   605     0
   253     1     3     1     6     8     2     4     0     1     1     1     1     3     1     0   641     0
   254     1     3     1     6     8     2     4     1     0     1     0     1     1     1     1   893     0
   255     2     6     2     3     5     7     1     0     1     1     0     1     3     1     1   544     0
   256     2     6     2     3     5     7     1     1     0     1     1     1     1     1     1   608     0
   257     1     2     2     4     6     8     2     1     0     1     1     1     3     0     0   688     0
   258     1     3     1     6     8     2     4     0     1     1     0     0     2     1     1   995     1
   259     2     5     0     1     3     5     7     1     0     0     0     0     3     1     1   691     0
   260     2     5     0     1     3     5     7     1     0     0     0     1     1     0     0   525     0
   261     2     5     0     1     3     5     7     1     0     1     0     1     1     0     0   457     0
   262     2     5     0     1     3     5     7     1     1     1     1     1     1     0     1   549     0
   263     2     7     0     5     7     1     3     0     1     0     1     1     2     1     0   595     0
   264     2     7     0     5     7     1     3     1     0     0     1     0     1     1     1   628     0
   265     1     3     1     6     8     2     4     1     0     0     0     0     3     0     0   528     0
   266     1     3     1     6     8     2     4     0     1     0     1     1     1     1     1   669     0
   267     2     7     0     5     7     1     3     0     0     1     1     0     3     0     1   592     0
   268     2     7     0     5     7     1     3     1     0     0     1     1     1     1     0   532     0
   269     1     2     2     4     6     8     2     0     1     1     1     0     3     1     1   792     0
   270     1     1     2     2     4     6     8     0     0     0     1     1     2     0     1   714     0
   271     1     3     1     6     8     2     4     0     0     0     1     0     2     0     0   482     0
   272     1     3     1     6     8     2     4     1     1     1     0     0     1     1     1   577     0
   273     1     1     2     2     4     6     8     0     0     0     1     0     2     1     1   864     0
   274     1     1     2     2     4     6     8     0     0     0     0     0     1     0     0   606     0
   275     2     6     2     3     5     7     1     0     0     1     1     0     3     0     0   512     0
   276     2     6     2     3     5     7     1     0     0     1     0     1     1     0     0   536     0
   277     2     8     1     7     1     3     5     0     1     0     0     1     2     0     1   565     0
   278     1     1     2     2     4     6     8     1     0     1     1     1     3     1     1   508     0
   279     1     2     2     4     6     8     2     1     0     1     1     1     2     0     0   573     0
   280     1     2     2     4     6     8     2     0     0     1     1     1     1     1     0   647     0
   281     2     6     2     3     5     7     1     1     1     0     1     0     3     1     1   559     0
   282     2     6     2     3     5     7     1     1     0     1     0     0     1     0     1   538     0
   283     1     3     1     6     8     2     4     0     1     0     0     1     3     1     1   776     0
   284     2     8     1     7     1     3     5     1     1     1     1     0     3     1     0   773     0
   285     1     2     2     4     6     8     2     1     0     1     0     0     3     0     1   474     0
   286     1     2     2     4     6     8     2     0     0     0     1     0     1     1     0   570     0
   287     2     7     0     5     7     1     3     1     1     1     1     1     3     1     1   512     0
   288     2     7     0     5     7     1     3     1     0     1     0     0     1     0     1   468     0
   289     1     2     2     4     6     8     2     1     1     1     1     1     3     0     1   506     0
   290     1     2     2     4     6     8     2     1     1     0     0     0     1     0     0   586     0
   291     2     5     0     1     3     5     7     1     1     1     0     1     3     0     0   587     0
   292     2     5     0     1     3     5     7     1     0     0     1     0     1     0     1   496     0
   293     1     1     2     2     4     6     8     0     0     0     0     1     3     1     0   657     1
   294     1     1     2     2     4     6     8     0     0     1     1     0     1     0     0   735     1
   295     1     2     2     4     6     8     2     0     1     0     1     0     2     0     1  1076     0
   296     1     3     1     6     8     2     4     1     1     0     0     0     2     1     0   845     1
   297     1     3     1     6     8     2     4     0     0     1     0     1     1     1     1   892     0
   298     1     3     1     6     8     2     4     0     1     1     1     1     1     0     1   584     0
   299     2     7     0     5     7     1     3     1     1     0     0     1     3     1     0   666     1
   300     2     7     0     5     7     1     3     1     1     0     1     0     1     0     0   618     0
   301     2     8     1     7     1     3     5     1     1     1     1     0     2     0     0   620     0
   302     2     7     0     5     7     1     3     0     0     0     0     0     2     1     1   833     0
   303     2     6     2     3     5     7     1     0     1     1     1     1     2     0     1   630     0
   304     2     7     0     5     7     1     3     0     0     0     0     0     2     0     1   758     0
   305     2     5     0     1     3     5     7     1     0     1     0     1     2     1     0   742     0
   306     2     6     2     3     5     7     1     0     0     0     1     1     2     1     0   849     0
   307     2     8     1     7     1     3     5     0     1     1     0     1     2     0     1   514     0
   308     2     8     1     7     1     3     5     0     1     1     1     0     1     0     0   563     0
   309     1     2     2     4     6     8     2     1     0     0     0     1     3     1     1   682     0
   310     1     2     2     4     6     8     2     0     0     0     0     1     1     1     0   592     0
   311     1     2     2     4     6     8     2     1     0     1     0     1     1     1     0   686     0
   312     1     2     2     4     6     8     2     0     1     1     1     1     1     1     1   579     0
   313     2     8     1     7     1     3     5     1     1     1     0     0     3     1     0   559     0
   314     1     3     1     6     8     2     4     0     1     1     1     1     3     1     0   583     0
   315     2     5     0     1     3     5     7     1     1     0     0     1     3     1     0   612     0
   316     2     5     0     1     3     5     7     1     1     1     1     1     1     0     0   642     0
   317     1     2     2     4     6     8     2     1     0     1     0     0     3     0     1   570     0
   318     1     2     2     4     6     8     2     1     1     0     0     1     1     0     1   592     0
   319     1     3     1     6     8     2     4     1     0     0     1     1     2     0     1   744     0
   320     1     3     1     6     8     2     4     0     0     1     0     1     1     1     0   779     0
   321     2     7     0     5     7     1     3     0     0     1     0     1     3     0     0   855     0
   322     2     7     0     5     7     1     3     0     0     1     0     1     1     0     0   579     0
   323     1     4     1     8     2     4     6     0     0     0     1     0     3     0     0   733     0
   324     1     1     2     2     4     6     8     0     0     1     1     0     2     0     0   658     0
   325     1     1     2     2     4     6     8     1     0     1     1     1     1     1     0   641     0
   326     1     1     2     2     4     6     8     1     1     1     1     1     1     0     1   578     0
   327     2     5     0     1     3     5     7     0     1     1     0     0     3     1     0   793     0
   328     2     8     1     7     1     3     5     0     0     0     1     0     2     0     1   568     0
   329     2     7     0     5     7     1     3     1     0     0     1     1     2     1     0   595     0
   330     2     7     0     5     7     1     3     0     0     0     1     1     1     1     0   584     0
   331     1     1     2     2     4     6     8     1     1     1     0     1     3     1     1   636     0
   332     2     8     1     7     1     3     5     1     0     1     1     1     3     0     1   653     0
   333     2     5     0     1     3     5     7     1     0     0     0     1     2     0     0   560     0
   334     2     8     1     7     1     3     5     0     0     0     1     0     2     1     0   618     0
   335     1     1     2     2     4     6     8     0     1     0     1     1     3     0     1   743     0
   336     1     1     2     2     4     6     8     1     0     0     0     0     1     1     1   600     0
   337     1     2     2     4     6     8     2     0     0     1     1     0     2     1     0   552     0
   338     1     1     2     2     4     6     8     1     0     1     1     1     2     1     0   787     0
   339     1     3     1     6     8     2     4     1     1     1     1     1     2     0     1   512     0
   340     1     4     1     8     2     4     6     1     1     0     0     1     2     0     0   754     0
   341     2     7     0     5     7     1     3     1     0     0     1     1     3     0     1   615     0
   342     2     8     1     7     1     3     5     0     0     0     0     0     2     1     0   626     0
   343     1     4     1     8     2     4     6     1     1     1     0     1     3     1     1   560     0
   344     1     4     1     8     2     4     6     0     0     0     1     1     1     1     1   646     0
   345     1     4     1     8     2     4     6     0     1     1     0     1     1     0     1   638     0
   346     2     7     0     5     7     1     3     0     1     1     1     1     3     0     0   902     0
   347     1     4     1     8     2     4     6     1     1     1     0     0     3     1     0   550     0
   348     1     4     1     8     2     4     6     1     1     1     0     1     1     0     0   484     0
   349     2     6     2     3     5     7     1     0     0     0     0     0     3     1     1   582     0
   350     2     7     0     5     7     1     3     0     1     1     1     1     2     0     1   477     0
   351     1     1     2     2     4     6     8     0     0     0     1     1     3     0     1   487     0
   352     2     6     2     3     5     7     1     0     1     0     0     0     3     0     1   519     0
   353     1     1     2     2     4     6     8     0     1     1     0     0     3     0     0   528     0
   354     1     1     2     2     4     6     8     1     1     0     0     0     1     1     0   586     0
   355     2     5     0     1     3     5     7     0     0     0     1     1     3     1     1   475     0
   356     2     5     0     1     3     5     7     0     1     0     1     1     1     0     1   450     0
   357     1     3     1     6     8     2     4     1     1     1     0     1     3     1     0   729     0
   358     2     8     1     7     1     3     5     1     0     1     0     1     3     0     1   674     0
   359     2     5     0     1     3     5     7     0     1     0     1     1     2     1     1   539     0
   360     1     4     1     8     2     4     6     1     0     1     1     0     3     1     1   535     0
   361     2     5     0     1     3     5     7     0     0     0     0     0     3     1     0   627     0
   362     2     7     0     5     7     1     3     1     1     0     1     0     2     1     1   533     0
   363     2     8     1     7     1     3     5     1     0     1     1     1     2     0     1   504     0
   364     2     5     0     1     3     5     7     1     1     1     1     0     2     0     1   562     0
   365     1     4     1     8     2     4     6     0     0     1     0     1     3     1     1   569     0
   366     1     1     2     2     4     6     8     1     0     0     1     0     2     1     0   541     0
   367     1     3     1     6     8     2     4     0     0     0     1     0     2     1     0   678     0
   368     1     4     1     8     2     4     6     0     1     0     1     0     2     0     1   616     0
   369     2     7     0     5     7     1     3     1     0     1     0     0     3     1     1   557     0
   370     2     7     0     5     7     1     3     1     1     0     1     0     1     0     1   625     0
   371     2     8     1     7     1     3     5     1     1     0     1     1     2     0     0   662     0
   372     2     5     0     1     3     5     7     1     0     1     0     0     2     0     1   490     0
   373     1     4     1     8     2     4     6     0     0     0     0     0     3     1     0   942     0
   374     1     4     1     8     2     4     6     0     0     1     1     0     1     0     0   597     0
   375     1     2     2     4     6     8     2     1     0     1     0     1     2     1     0   568     0
   376     1     2     2     4     6     8     2     0     0     1     0     0     1     1     0   632     0
   377     1     4     1     8     2     4     6     1     0     1     1     0     2     1     0   852     0
   378     1     4     1     8     2     4     6     0     0     1     1     1     1     1     0   740     0
   379     2     8     1     7     1     3     5     0     0     1     1     1     3     0     0   678     0
   380     2     8     1     7     1     3     5     0     0     0     0     0     1     0     0   441     0
   381     2     7     0     5     7     1     3     0     1     1     1     1     2     0     1   566     0
   382     2     7     0     5     7     1     3     0     0     0     1     1     1     0     1   587     0
   383     2     7     0     5     7     1     3     1     1     0     0     1     1     1     1  1223     0
   384     2     7     0     5     7     1     3     1     0     0     0     1     1     0     1   705     1
   385     1     4     1     8     2     4     6     0     1     0     1     0     3     1     1   622     0
   386     1     1     2     2     4     6     8     1     1     1     1     1     2     1     0   572     0
   387     2     7     0     5     7     1     3     0     1     0     1     0     3     1     0  1445     0
   388     2     7     0     5     7     1     3     1     1     0     1     1     1     1     0   716     0
   389     2     6     2     3     5     7     1     0     1     0     0     1     2     1     0   689     0
   390     2     6     2     3     5     7     1     1     1     0     1     0     1     1     0   500     0
   391     1     4     1     8     2     4     6     1     1     1     0     1     3     0     0   576     0
   392     1     4     1     8     2     4     6     0     0     0     1     0     1     1     1   550     1
   393     2     5     0     1     3     5     7     0     1     1     1     0     3     0     1   550     0
   394     1     4     1     8     2     4     6     0     1     1     0     1     3     0     0   645     0
   395     2     7     0     5     7     1     3     1     1     1     0     1     3     1     0  1211     1
   396     2     6     2     3     5     7     1     1     1     1     1     1     2     0     0   518     0
   397     2     7     0     5     7     1     3     1     0     0     1     1     2     0     1   703     0
   398     2     8     1     7     1     3     5     0     0     1     0     0     2     1     0   797     1
   399     2     8     1     7     1     3     5     0     0     1     0     0     1     0     0   502     0
   400     1     3     1     6     8     2     4     0     0     0     0     0     3     0     0   541     0
   401     2     7     0     5     7     1     3     0     1     0     0     0     3     0     1  1229     0
   402     2     5     0     1     3     5     7     1     1     0     0     0     2     1     0   937     1
   403     2     5     0     1     3     5     7     0     1     1     1     0     1     1     0   488     0
   404     2     6     2     3     5     7     1     0     1     0     1     1     2     0     0   944     0
   405     2     5     0     1     3     5     7     0     0     1     0     0     2     0     1   680     0
   406     2     5     0     1     3     5     7     0     0     0     0     0     1     0     0   523     0
   407     2     8     1     7     1     3     5     0     1     1     1     0     2     0     1   516     0
   408     2     8     1     7     1     3     5     0     0     0     1     0     1     0     1   620     0
   409     2     7     0     5     7     1     3     0     1     1     1     1     2     0     1   473     0
   410     1     4     1     8     2     4     6     1     0     0     1     1     3     1     1   505     0
   411     2     8     1     7     1     3     5     1     1     0     0     0     3     0     1   568     0
   412     2     8     1     7     1     3     5     0     1     1     1     0     1     1     0   538     1
   413     1     2     2     4     6     8     2     0     0     0     1     0     3     0     1   922     0
   414     1     2     2     4     6     8     2     0     0     1     1     0     1     0     0   479     0
   415     2     5     0     1     3     5     7     1     0     1     1     1     3     1     0   781     0
   416     2     8     1     7     1     3     5     1     1     0     0     0     2     0     1   566     0
   417     1     1     2     2     4     6     8     1     1     0     0     0     3     0     0   585     0
   418     1     1     2     2     4     6     8     0     0     0     0     1     1     1     1   955     0
   419     1     4     1     8     2     4     6     1     1     0     0     1     2     1     1   617     0
   420     1     4     1     8     2     4     6     1     0     0     1     0     1     0     1   508     0
   421     1     3     1     6     8     2     4     0     1     0     1     1     2     1     1   961     0
   422     1     4     1     8     2     4     6     0     0     0     0     1     2     0     1   593     0
   423     2     7     0     5     7     1     3     1     1     1     0     1     3     1     1   910     0
   424     2     7     0     5     7     1     3     0     0     0     1     0     1     1     1   564     0
   425     1     1     2     2     4     6     8     0     1     1     1     1     3     0     1   649     0
   426     1     3     1     6     8     2     4     0     1     0     1     1     2     0     0   525     0
   427     2     6     2     3     5     7     1     1     0     1     1     1     3     1     1   629     0
   428     2     8     1     7     1     3     5     0     0     1     0     0     2     1     0   559     0
   429     2     8     1     7     1     3     5     0     1     1     0     0     1     0     1   621     0
   430     2     8     1     7     1     3     5     0     1     1     1     0     1     0     0   500     0
   431     2     7     0     5     7     1     3     0     1     0     1     0     2     0     0   563     0
   432     2     5     0     1     3     5     7     0     0     0     0     0     2     0     1   502     0
   433     2     7     0     5     7     1     3     1     0     1     0     0     2     1     0   838     0
   434     2     7     0     5     7     1     3     0     0     1     0     0     1     1     0   595     0
   435     2     8     1     7     1     3     5     0     1     1     1     1     2     0     1   567     0
   436     2     8     1     7     1     3     5     0     1     1     0     1     1     0     0   568     0
   437     2     5     0     1     3     5     7     0     0     0     1     0     2     0     1   539     0
   438     2     5     0     1     3     5     7     1     1     1     0     0     1     1     1   675     0
   439     1     1     2     2     4     6     8     1     0     1     0     0     3     0     1   634     0
   440     1     1     2     2     4     6     8     0     0     0     0     0     1     1     0   640     0
   441     2     6     2     3     5     7     1     0     1     1     0     0     3     0     1   616     0
   442     2     6     2     3     5     7     1     0     0     0     0     0     1     0     1   531     0
   443     1     3     1     6     8     2     4     1     0     1     0     1     3     1     0   750     0
   444     1     3     1     6     8     2     4     0     0     1     1     0     1     1     0   642     0
   445     2     6     2     3     5     7     1     1     0     1     1     1     3     1     0   611     0
   446     1     1     2     2     4     6     8     1     0     1     1     0     3     0     0   521     0
   447     1     2     2     4     6     8     2     0     0     1     0     0     2     1     0   701     0
   448     1     2     2     4     6     8     2     0     1     0     0     1     1     0     1   568     0
   449     2     6     2     3     5     7     1     1     1     1     1     0     3     1     0   576     0
   450     2     6     2     3     5     7     1     1     0     0     1     1     1     0     1   592     0
   451     1     1     2     2     4     6     8     0     0     1     1     1     3     1     0   759     0
   452     1     1     2     2     4     6     8     0     1     0     0     0     1     0     1   556     0
   453     1     1     2     2     4     6     8     1     0     0     1     1     1     1     1   597     0
   454     1     3     1     6     8     2     4     1     1     1     0     1     2     0     1   475     0
   455     1     4     1     8     2     4     6     0     1     0     0     0     2     1     0   823     0
   456     2     5     0     1     3     5     7     0     0     0     1     0     3     0     1   516     0
   457     1     1     2     2     4     6     8     1     1     0     1     1     3     1     1   457     0
   458     1     1     2     2     4     6     8     1     1     0     1     1     1     0     0   517     0
   459     1     3     1     6     8     2     4     1     0     1     1     1     2     0     1   690     0
   460     1     3     1     6     8     2     4     0     0     0     0     1     1     1     0   722     0
   461     1     3     1     6     8     2     4     0     0     0     1     0     1     0     0   487     0
   462     1     3     1     6     8     2     4     1     1     0     1     1     1     1     1  1248     0
   463     2     8     1     7     1     3     5     1     0     0     1     0     3     0     1   557     0
   464     1     3     1     6     8     2     4     1     1     0     0     0     3     0     1   613     0
   465     2     8     1     7     1     3     5     0     0     1     0     1     3     1     1   654     0
   466     2     8     1     7     1     3     5     0     1     0     1     1     1     0     1   640     0
   467     2     6     2     3     5     7     1     1     1     1     1     1     2     1     0   517     0
   468     2     7     0     5     7     1     3     1     1     0     1     1     2     0     0   622     0
   469     1     1     2     2     4     6     8     1     1     1     1     1     3     0     0   460     0
   470     1     4     1     8     2     4     6     0     1     1     1     0     2     1     0   514     0
   471     2     8     1     7     1     3     5     1     1     1     1     1     3     1     0   459     0
   472     2     8     1     7     1     3     5     0     1     1     1     0     1     1     0   574     0
   473     2     6     2     3     5     7     1     0     1     0     1     0     2     0     0   486     0
   474     1     1     2     2     4     6     8     0     0     1     1     1     3     0     1   578     0
   475     1     4     1     8     2     4     6     0     1     1     0     1     2     0     1   571     0
   476     2     7     0     5     7     1     3     1     0     0     1     0     3     1     1   559     0
   477     1     4     1     8     2     4     6     0     1     0     1     0     3     1     1   539     0
   478     1     1     2     2     4     6     8     0     0     1     0     0     2     0     1   520     0
   479     1     2     2     4     6     8     2     0     1     1     0     1     2     0     1   609     0
   480     2     7     0     5     7     1     3     0     1     1     1     0     3     0     0   547     0
   481     2     7     0     5     7     1     3     1     0     1     1     1     1     1     1   646     0
   482     1     4     1     8     2     4     6     0     0     1     0     0     3     1     0   796     0
   483     2     5     0     1     3     5     7     1     0     0     1     1     3     1     0   577     0
   484     2     5     0     1     3     5     7     1     1     1     0     1     1     0     1   628     0
   485     2     5     0     1     3     5     7     1     1     0     1     1     1     0     0   512     0
   486     2     5     0     1     3     5     7     1     0     1     0     0     1     0     1   595     0
   487     2     8     1     7     1     3     5     1     1     1     1     0     2     0     1   534     0
   488     2     8     1     7     1     3     5     0     1     1     1     0     1     1     0   786     0
   489     2     7     0     5     7     1     3     1     1     1     1     0     2     1     0   692     0
   490     2     7     0     5     7     1     3     0     1     1     0     0     1     1     0   767     0
   491     2     8     1     7     1     3     5     1     1     0     0     0     2     1     0   783     0
   492     2     6     2     3     5     7     1     1     0     1     1     1     2     0     1   618     0
   493     2     6     2     3     5     7     1     0     1     1     0     0     1     1     1   525     0
   494     2     6     2     3     5     7     1     0     0     0     0     0     1     0     1   550     0
   495     2     6     2     3     5     7     1     0     1     1     1     0     1     0     1   576     0
   496     2     6     2     3     5     7     1     0     0     0     1     1     1     0     1   487     0
   497     2     6     2     3     5     7     1     0     0     0     1     1     1     0     0   479     0
   498     2     7     0     5     7     1     3     0     0     1     0     0     2     0     0   563     0
   499     1     1     2     2     4     6     8     0     1     1     0     1     3     0     1   502     0
   500     2     8     1     7     1     3     5     1     0     1     0     1     3     1     1   527     0
   501     1     4     1     8     2     4     6     0     1     0     1     1     3     1     1   645     0
   502     1     4     1     8     2     4     6     0     1     1     0     1     1     0     0   538     0
   503     2     7     0     5     7     1     3     1     0     1     1     0     3     1     1   630     0
   504     2     7     0     5     7     1     3     0     0     0     1     0     1     1     0   529     0
   505     2     8     1     7     1     3     5     0     0     0     0     0     2     0     0   553     0
   506     2     8     1     7     1     3     5     0     0     1     1     1     1     0     0   523     0
   507     1     3     1     6     8     2     4     0     0     0     1     0     3     0     0   541     0
   508     1     3     1     6     8     2     4     1     1     0     0     1     1     1     1   900     0
   509     1     2     2     4     6     8     2     1     0     0     1     1     2     0     1   563     0
   510     2     7     0     5     7     1     3     0     0     1     1     0     3     1     0   694     0
   511     2     6     2     3     5     7     1     0     0     0     0     0     2     0     0   550     0
   512     2     6     2     3     5     7     1     1     1     1     0     0     1     1     1   510     0
   513     2     8     1     7     1     3     5     0     0     1     1     0     2     1     1   615     0
   514     2     8     1     7     1     3     5     1     0     0     1     1     1     1     0   661     0
   515     2     7     0     5     7     1     3     0     1     1     1     1     2     1     1   726     0
   516     2     8     1     7     1     3     5     0     1     0     1     0     2     0     0   572     0
   517     2     8     1     7     1     3     5     0     1     0     0     1     1     0     0   549     0
   518     2     8     1     7     1     3     5     1     1     0     0     1     1     1     0   505     0
   519     2     5     0     1     3     5     7     0     1     1     0     1     2     1     0   508     0
   520     2     5     0     1     3     5     7     1     0     1     0     0     1     1     1   524     0
   521     1     3     1     6     8     2     4     0     0     0     0     0     3     1     0   575     0
   522     1     3     1     6     8     2     4     1     1     1     0     1     1     1     1   547     0
   523     1     1     2     2     4     6     8     1     0     1     1     1     2     0     1   529     0
   524     1     1     2     2     4     6     8     1     1     1     1     0     1     0     1   557     0
   525     1     1     2     2     4     6     8     0     0     1     1     1     1     1     1   741     0
   526     1     2     2     4     6     8     2     1     1     1     1     1     2     1     1   441     0
   527     1     4     1     8     2     4     6     1     0     0     1     1     2     0     1   419     0
   528     1     4     1     8     2     4     6     1     1     1     0     1     1     0     1   506     0
   529     2     5     0     1     3     5     7     0     1     0     1     0     3     1     0  1156     0
   530     2     7     0     5     7     1     3     0     1     1     0     1     2     0     0   916     0
   531     2     7     0     5     7     1     3     0     1     1     0     1     1     0     0   493     0
   532     2     7     0     5     7     1     3     1     0     1     0     0     1     1     1   654     0
   533     1     2     2     4     6     8     2     1     1     0     1     1     3     0     1   504     0
   534     1     2     2     4     6     8     2     0     1     1     1     1     1     1     0   531     0
   535     1     1     2     2     4     6     8     0     0     1     0     1     2     0     1   513     0
   536     1     2     2     4     6     8     2     0     1     0     1     1     2     0     1   458     0
   537     2     7     0     5     7     1     3     1     1     1     1     1     3     1     0   423     0
   538     2     7     0     5     7     1     3     1     1     0     0     1     1     0     0   473     0
   539     1     1     2     2     4     6     8     1     1     1     1     0     3     0     0   451     1
   540     1     2     2     4     6     8     2     0     0     0     0     1     2     1     1   517     1
   541     2     7     0     5     7     1     3     0     1     0     1     0     3     0     1   634     0
   542     2     7     0     5     7     1     3     0     1     1     0     1     1     0     0   468     0
   543     1     2     2     4     6     8     2     0     1     0     1     1     3     0     0   495     0
   544     2     5     0     1     3     5     7     1     1     1     1     1     3     1     0   491     0
   545     1     1     2     2     4     6     8     0     0     0     1     1     3     1     1   873     1
   546     1     4     1     8     2     4     6     1     0     0     1     0     2     1     0   737     0
   547     2     8     1     7     1     3     5     1     1     0     0     1     3     0     1   545     0
   548     2     5     0     1     3     5     7     0     1     0     0     1     2     1     0   811     0
   549     2     6     2     3     5     7     1     0     0     1     0     1     2     0     1   652     0
   550     2     7     0     5     7     1     3     1     1     0     1     0     2     1     1   641     0
   551     2     6     2     3     5     7     1     0     1     0     0     1     2     1     0   529     0
   552     2     7     0     5     7     1     3     1     1     1     0     0     2     1     0   591     0
   553     1     3     1     6     8     2     4     1     1     1     0     1     3     0     0   521     0
   554     1     2     2     4     6     8     2     0     0     1     0     0     2     1     1   675     0
   555     2     8     1     7     1     3     5     1     1     0     1     0     3     1     1   550     0
   556     1     1     2     2     4     6     8     0     1     1     1     0     3     1     0   525     0
   557     2     5     0     1     3     5     7     1     1     1     0     0     3     1     0   551     0
   558     2     5     0     1     3     5     7     0     1     1     0     0     1     1     0   519     0
   559     1     3     1     6     8     2     4     0     1     0     0     0     3     0     0   609     0
   560     1     4     1     8     2     4     6     1     1     0     1     0     2     1     0   522     0
   561     2     8     1     7     1     3     5     1     0     1     0     0     3     0     1   776     0
   562     2     5     0     1     3     5     7     1     0     0     1     1     2     0     0   523     0
   563     2     7     0     5     7     1     3     1     1     0     0     1     2     0     1   477     0
   564     2     8     1     7     1     3     5     1     1     0     1     0     2     0     0   675     0
   565     2     8     1     7     1     3     5     0     0     1     0     0     1     1     1   723     0
   566     2     6     2     3     5     7     1     1     1     1     1     0     2     1     1   470     0
   567     2     7     0     5     7     1     3     1     1     1     0     0     2     0     0   530     0
   568     1     2     2     4     6     8     2     1     0     1     0     1     3     0     1   692     0
   569     1     3     1     6     8     2     4     1     0     1     0     0     2     0     0   561     0
   570     1     4     1     8     2     4     6     0     0     1     0     0     2     1     0   790     0
   571     1     2     2     4     6     8     2     0     1     1     1     0     2     0     1   588     0
   572     1     2     2     4     6     8     2     0     0     0     1     1     1     0     1   832     0
   573     2     8     1     7     1     3     5     0     1     1     1     1     3     0     1   502     0
   574     2     8     1     7     1     3     5     0     0     1     1     1     1     0     1   507     0
   575     1     1     2     2     4     6     8     0     0     1     0     1     3     0     0   725     0
   576     1     1     2     2     4     6     8     1     0     0     0     1     1     1     0   666     0
   577     2     8     1     7     1     3     5     1     0     0     1     1     3     0     0   558     0
   578     2     5     0     1     3     5     7     1     1     1     0     1     2     0     1   542     0
   579     1     2     2     4     6     8     2     0     0     0     1     1     3     1     1   576     0
   580     1     2     2     4     6     8     2     1     1     0     0     1     1     1     1   549     0
   581     1     4     1     8     2     4     6     1     1     0     0     1     2     0     0   590     0
   582     1     4     1     8     2     4     6     0     1     1     0     0     1     1     0   592     0
   583     1     4     1     8     2     4     6     1     0     0     0     0     1     1     1   534     0
   584     1     2     2     4     6     8     2     1     1     0     1     0     2     0     1   458     0
   585     1     3     1     6     8     2     4     1     1     1     1     1     2     0     0   501     0
   586     2     8     1     7     1     3     5     0     1     0     1     0     3     1     0  1115     0
   587     1     3     1     6     8     2     4     0     1     0     1     1     3     0     0   540     0
   588     1     3     1     6     8     2     4     1     1     1     0     0     1     1     0   527     0
   589     1     3     1     6     8     2     4     0     0     1     1     1     1     1     1   537     1
   590     1     3     1     6     8     2     4     0     1     0     0     0     1     0     1   545     0
   591     2     5     0     1     3     5     7     1     0     1     0     1     3     1     1  1053     0
   592     1     2     2     4     6     8     2     0     1     1     0     0     3     1     1   570     0
   593     2     7     0     5     7     1     3     1     0     0     0     0     3     1     1   597     0
   594     2     7     0     5     7     1     3     1     0     0     0     1     1     0     0   544     0
   595     2     8     1     7     1     3     5     1     0     1     1     0     2     0     0   502     0
   596     2     8     1     7     1     3     5     1     0     1     1     1     1     0     0   464     0
   597     1     3     1     6     8     2     4     0     1     1     0     0     3     1     1   938     0
   598     1     3     1     6     8     2     4     0     0     0     1     0     1     0     1   547     0
   599     1     3     1     6     8     2     4     1     0     0     0     0     1     1     0   724     0
   600     1     4     1     8     2     4     6     1     0     0     0     1     2     0     0   565     0
   601     2     7     0     5     7     1     3     1     0     1     1     1     3     0     0   704     0
   602     2     7     0     5     7     1     3     0     1     1     0     1     1     1     1   562     0
   603     2     5     0     1     3     5     7     0     1     1     1     1     2     0     0   650     0
   604     2     5     0     1     3     5     7     1     1     1     1     1     1     1     0   596     1
   605     1     1     2     2     4     6     8     0     0     0     1     0     3     1     1   605     0
   606     1     1     2     2     4     6     8     1     1     1     1     1     1     1     1   477     0
   607     1     3     1     6     8     2     4     1     1     0     0     0     2     0     0   585     1
   608     1     1     2     2     4     6     8     1     1     1     1     0     2     0     0   465     0
   609     1     1     2     2     4     6     8     0     1     1     1     0     1     1     0   517     0
   610     1     4     1     8     2     4     6     1     0     1     0     1     2     1     1   809     0
   611     1     1     2     2     4     6     8     1     1     0     1     0     2     0     1   541     0
   612     1     1     2     2     4     6     8     0     1     1     1     1     1     1     0   630     0
   613     1     2     2     4     6     8     2     1     0     1     0     1     2     1     1   755     0
   614     1     1     2     2     4     6     8     1     1     1     1     1     2     0     1   535     0
   615     2     5     0     1     3     5     7     1     0     0     0     1     3     0     1   481     0
   616     2     5     0     1     3     5     7     1     1     1     0     1     1     0     1   571     0
   617     2     6     2     3     5     7     1     1     1     0     1     1     2     0     0   523     0
   618     2     8     1     7     1     3     5     0     0     0     0     0     2     1     1   968     0
   619     1     4     1     8     2     4     6     1     0     0     0     0     3     1     0   578     0
   620     1     4     1     8     2     4     6     1     0     0     1     1     1     0     0   519     0
   621     2     6     2     3     5     7     1     1     0     1     0     0     3     0     0   648     0
   622     2     6     2     3     5     7     1     0     1     0     0     1     1     1     1   596     0
   623     1     4     1     8     2     4     6     1     1     1     0     0     3     1     0   571     0
   624     1     4     1     8     2     4     6     0     1     1     1     1     1     1     0   463     0
   625     2     8     1     7     1     3     5     0     0     0     1     0     3     0     1   665     0
   626     2     5     0     1     3     5     7     1     0     1     0     0     2     1     0   581     0
   627     1     4     1     8     2     4     6     0     0     0     0     0     3     1     0   813     0
   628     1     4     1     8     2     4     6     1     0     1     1     1     1     1     0   754     0
   629     1     1     2     2     4     6     8     0     1     1     0     1     2     1     1   503     0
   630     1     1     2     2     4     6     8     0     0     1     1     0     1     0     1   672     0
   631     2     6     2     3     5     7     1     1     0     1     1     1     3     1     0   662     0
   632     2     8     1     7     1     3     5     0     0     1     1     1     2     1     0   491     0
   633     2     8     1     7     1     3     5     0     1     0     0     0     1     0     1   658     0
   634     2     8     1     7     1     3     5     1     0     0     1     1     1     1     1   510     0
   635     2     6     2     3     5     7     1     1     1     1     1     1     2     0     1   461     0
   636     2     6     2     3     5     7     1     0     0     0     1     1     1     1     1   596     0
   637     2     6     2     3     5     7     1     1     1     0     1     1     1     1     1   506     0
   638     1     3     1     6     8     2     4     1     0     0     1     0     3     0     1   700     0
   639     1     2     2     4     6     8     2     1     0     0     0     0     2     0     0   546     0
   640     2     7     0     5     7     1     3     0     1     1     0     0     3     1     1   756     1
   641     2     8     1     7     1     3     5     0     0     1     1     1     2     0     1   569     0
   642     2     8     1     7     1     3     5     1     1     0     0     0     1     1     1   577     0
   643     2     7     0     5     7     1     3     0     0     1     0     1     2     1     1   515     1
   644     2     7     0     5     7     1     3     1     0     0     1     0     1     1     0   517     0
   645     2     5     0     1     3     5     7     0     0     0     0     0     2     1     0   811     0
   646     2     5     0     1     3     5     7     1     1     0     0     0     1     1     1   560     0
   647     1     2     2     4     6     8     2     1     0     0     1     1     3     0     1   488     0
   648     1     2     2     4     6     8     2     0     1     1     0     1     1     1     1   768     0
   649     2     7     0     5     7     1     3     1     0     1     0     0     3     1     1   735     0
   650     2     8     1     7     1     3     5     0     1     0     1     1     2     1     1   539     0
   651     1     2     2     4     6     8     2     0     1     0     0     0     3     0     0   585     0
   652     1     3     1     6     8     2     4     0     0     0     1     0     2     0     1   495     0
   653     1     1     2     2     4     6     8     1     1     1     1     0     2     1     1   564     0
   654     1     2     2     4     6     8     2     0     1     1     0     0     2     1     0   608     0
   655     2     8     1     7     1     3     5     1     0     1     0     0     3     1     1   517     0
   656     2     8     1     7     1     3     5     1     0     0     1     1     1     0     0   533     0
   657     2     6     2     3     5     7     1     1     0     1     1     0     2     0     0   507     0
   658     2     6     2     3     5     7     1     0     0     1     1     1     1     1     0   464     1
   659     1     3     1     6     8     2     4     1     0     0     0     1     3     1     0   530     0
   660     1     3     1     6     8     2     4     1     1     0     1     0     1     0     1   521     0
   661     1     3     1     6     8     2     4     0     0     1     0     0     1     1     1   989     0
   662     2     6     2     3     5     7     1     0     1     0     0     0     3     0     1   489     0
   663     1     1     2     2     4     6     8     1     1     1     1     0     3     1     0   472     0
   664     1     1     2     2     4     6     8     0     1     1     1     0     1     1     0   660     0
   665     1     3     1     6     8     2     4     1     0     0     1     0     2     1     1   578     0
   666     1     3     1     6     8     2     4     0     1     1     0     1     1     1     1   617     0
   667     2     6     2     3     5     7     1     1     0     1     0     0     3     1     1   637     0
   668     2     6     2     3     5     7     1     1     0     1     0     0     1     0     0   466     0
   669     1     4     1     8     2     4     6     0     1     0     1     0     3     1     1   592     0
   670     1     4     1     8     2     4     6     0     0     0     0     0     1     0     1  1231     0
   671     1     2     2     4     6     8     2     0     0     0     0     0     2     0     0   523     0
   672     1     2     2     4     6     8     2     1     1     0     0     0     1     1     1   573     0
   673     1     2     2     4     6     8     2     0     0     1     0     1     1     1     1   592     0
   674     1     2     2     4     6     8     2     0     0     0     1     1     1     0     0   458     0
   675     1     4     1     8     2     4     6     1     0     0     1     1     2     1     0   840     0
   676     1     4     1     8     2     4     6     0     0     1     0     1     1     1     0   577     1
   677     1     3     1     6     8     2     4     0     1     1     0     1     2     0     1   539     0
   678     2     6     2     3     5     7     1     1     0     1     0     0     3     1     1   679     0
   679     1     1     2     2     4     6     8     1     1     0     1     0     3     0     1   647     0
   680     1     2     2     4     6     8     2     1     0     1     1     1     2     0     1   810     0
   681     2     7     0     5     7     1     3     1     1     0     1     1     3     0     1   590     0
   682     2     5     0     1     3     5     7     0     0     0     1     0     2     1     1   506     0
   683     2     7     0     5     7     1     3     1     0     1     0     1     2     1     0   609     0
   684     2     7     0     5     7     1     3     1     1     0     1     0     1     0     1   557     0
   685     2     8     1     7     1     3     5     1     0     0     1     0     2     0     1   823     0
   686     2     8     1     7     1     3     5     0     1     0     1     1     1     1     1   575     0
   687     1     3     1     6     8     2     4     1     0     0     0     1     3     1     1   598     0
   688     1     3     1     6     8     2     4     1     1     0     1     0     1     0     1   563     0
   689     1     3     1     6     8     2     4     1     1     1     1     1     1     0     0   532     0
   690     1     3     1     6     8     2     4     1     0     0     0     0     1     0     1   453     0
   691     2     7     0     5     7     1     3     1     0     0     0     0     3     0     0   501     0
   692     2     7     0     5     7     1     3     1     0     0     1     0     1     0     0   454     0
   693     1     3     1     6     8     2     4     1     1     0     0     0     3     0     1   540     0
   694     1     3     1     6     8     2     4     0     0     0     1     1     1     1     1   684     0
   695     1     2     2     4     6     8     2     1     1     0     0     1     2     1     1   660     0
   696     1     2     2     4     6     8     2     1     1     0     0     0     1     0     0   583     0
   697     1     1     2     2     4     6     8     0     1     1     1     0     2     1     0   594     1
   698     1     1     2     2     4     6     8     0     0     0     1     1     1     0     1   605     0
   699     1     3     1     6     8     2     4     0     0     0     1     0     2     0     0   607     0
   700     1     3     1     6     8     2     4     0     1     0     0     1     1     0     1   674     0
   701     1     2     2     4     6     8     2     1     1     1     0     1     2     1     0   597     0
   702     1     4     1     8     2     4     6     1     1     1     1     0     2     0     0   543     0
   703     1     2     2     4     6     8     2     1     1     1     1     0     2     0     0   526     0
   704     1     2     2     4     6     8     2     1     1     1     0     1     1     0     0   491     0
   705     2     6     2     3     5     7     1     1     0     0     0     0     3     0     1   535     0
   706     1     3     1     6     8     2     4     0     1     1     1     1     3     1     1   935     0
   707     1     4     1     8     2     4     6     0     0     1     1     1     2     0     1   611     0
   708     1     1     2     2     4     6     8     0     1     1     0     0     2     0     1   492     0
   709     2     7     0     5     7     1     3     1     0     0     0     1     3     1     1   600     0
   710     2     7     0     5     7     1     3     0     0     0     0     1     1     1     0   563     0
   711     1     2     2     4     6     8     2     1     1     0     0     0     3     1     1   488     0
   712     1     2     2     4     6     8     2     1     1     0     1     0     1     0     0   956     0
   713     2     5     0     1     3     5     7     1     0     1     0     0     3     0     1   556     1
   714     1     2     2     4     6     8     2     1     0     0     1     0     3     0     0   687     0
   715     1     2     2     4     6     8     2     1     1     0     0     1     1     0     1   508     0
   716     1     2     2     4     6     8     2     0     0     0     0     1     1     1     1   653     0
   717     1     3     1     6     8     2     4     1     1     1     0     1     2     1     1   474     0
   718     1     3     1     6     8     2     4     1     1     1     0     0     1     0     0   951     1
   719     2     5     0     1     3     5     7     1     1     0     0     1     3     0     0   564     0
   720     2     5     0     1     3     5     7     0     0     0     1     1     1     1     1   709     0
   721     1     4     1     8     2     4     6     1     0     0     1     0     3     1     0   620     0
   722     1     4     1     8     2     4     6     1     0     0     0     0     1     0     0   461     0
   723     2     7     0     5     7     1     3     0     1     0     1     1     3     1     1   638     0
   724     2     7     0     5     7     1     3     1     0     1     0     1     1     1     1   562     0
   725     1     4     1     8     2     4     6     0     0     0     0     0     3     1     0   567     0
   726     1     1     2     2     4     6     8     1     1     1     0     1     2     1     1   567     1
   727     2     8     1     7     1     3     5     1     0     1     1     0     3     0     1   593     0
   728     2     8     1     7     1     3     5     1     0     1     0     1     1     0     0   501     0
   729     2     6     2     3     5     7     1     1     0     1     0     0     2     0     0   656     0
   730     2     5     0     1     3     5     7     0     0     1     0     0     2     1     0   725     0
   731     1     4     1     8     2     4     6     1     1     1     0     1     3     1     1   538     0
   732     1     4     1     8     2     4     6     1     1     0     1     0     1     0     0   583     0
   733     1     1     2     2     4     6     8     0     0     0     0     0     2     1     1   750     0
   734     1     2     2     4     6     8     2     1     1     1     0     0     2     1     1   690     0
   735     2     7     0     5     7     1     3     0     0     1     1     0     3     1     1  1332     0
   736     2     6     2     3     5     7     1     1     1     0     0     1     2     1     1   625     0
   737     1     1     2     2     4     6     8     1     0     0     0     1     3     0     1   553     0
   738     1     1     2     2     4     6     8     0     0     1     0     1     1     1     0   739     0
   739     2     6     2     3     5     7     1     1     0     0     1     0     3     1     0   521     0
   740     2     7     0     5     7     1     3     1     1     0     0     0     2     0     1   575     0
   741     1     3     1     6     8     2     4     0     0     0     0     0     3     1     1   862     0
   742     1     4     1     8     2     4     6     1     1     0     1     1     2     1     1   723     0
   743     1     4     1     8     2     4     6     0     0     1     1     1     1     1     1   661     0
   744     1     4     1     8     2     4     6     1     0     0     1     0     1     1     0   586     0
   745     2     8     1     7     1     3     5     1     0     1     0     1     3     0     0   632     0
   746     1     1     2     2     4     6     8     1     0     0     1     0     3     0     0   609     0
   747     2     6     2     3     5     7     1     0     0     1     1     1     3     1     0   757     0
   748     1     1     2     2     4     6     8     1     1     1     1     1     3     1     1   611     0
   749     2     6     2     3     5     7     1     1     0     0     1     1     3     0     1   560     0
   750     2     6     2     3     5     7     1     1     0     0     1     0     1     0     0   541     0
   751     1     2     2     4     6     8     2     1     0     0     1     0     3     0     0   586     0
   752     2     7     0     5     7     1     3     0     1     1     1     0     3     1     1   707     0
   753     2     7     0     5     7     1     3     0     0     1     0     1     1     0     1  1407     1
   754     2     8     1     7     1     3     5     0     0     0     1     1     2     0     0   553     0
   755     1     1     2     2     4     6     8     0     0     1     1     1     3     0     0   575     0
   756     1     1     2     2     4     6     8     1     1     1     1     0     1     1     1   511     0
   757     1     3     1     6     8     2     4     0     0     1     1     1     2     1     1   545     0
   758     1     3     1     6     8     2     4     0     0     1     0     1     1     0     0   583     0
   759     1     4     1     8     2     4     6     0     0     0     0     0     2     0     0   667     0
   760     2     7     0     5     7     1     3     0     0     1     1     0     3     0     0   574     0
   761     2     5     0     1     3     5     7     0     1     1     1     1     2     0     1   685     0
   762     2     5     0     1     3     5     7     1     0     0     1     1     1     1     1   549     0
   763     1     4     1     8     2     4     6     0     1     1     1     1     3     1     1   498     0
   764     1     4     1     8     2     4     6     0     1     1     1     0     1     0     0   494     0
   765     1     4     1     8     2     4     6     0     0     1     1     1     1     0     1   517     1
   766     1     3     1     6     8     2     4     1     0     0     1     1     2     1     0   922     0
   767     1     2     2     4     6     8     2     0     0     0     0     1     2     1     0   933     0
   768     1     3     1     6     8     2     4     1     0     1     0     1     2     1     0   687     0
   769     2     7     0     5     7     1     3     0     1     1     0     1     3     1     1   678     0
   770     2     7     0     5     7     1     3     1     0     1     1     0     1     1     1   952     0
   771     2     6     2     3     5     7     1     0     0     0     0     1     2     1     0   652     0
   772     2     6     2     3     5     7     1     0     1     1     1     0     1     0     1   596     0
   773     1     1     2     2     4     6     8     0     1     0     0     0     3     0     0   671     0
   774     1     4     1     8     2     4     6     0     0     0     1     1     2     0     1   488     0
   775     1     3     1     6     8     2     4     1     1     1     1     0     2     1     1   535     0
   776     1     3     1     6     8     2     4     1     1     0     1     1     1     0     0   568     0
   777     1     1     2     2     4     6     8     1     1     0     0     1     2     0     0   555     0
   778     1     1     2     2     4     6     8     1     1     0     0     1     1     0     0   542     0
   779     2     6     2     3     5     7     1     0     1     1     1     0     3     1     0   551     0
   780     2     6     2     3     5     7     1     0     0     0     1     1     1     0     1   646     0
   781     1     3     1     6     8     2     4     0     0     1     1     1     3     0     0   853     0
   782     1     1     2     2     4     6     8     1     0     1     1     0     2     1     0   650     0
   783     1     2     2     4     6     8     2     1     0     1     1     1     2     0     0   647     0
   784     1     2     2     4     6     8     2     1     1     1     1     1     1     0     1   576     0
   785     1     2     2     4     6     8     2     0     0     0     1     1     1     1     1   656     0
   786     1     4     1     8     2     4     6     1     1     0     0     0     2     1     1   781     0
   787     1     2     2     4     6     8     2     1     1     1     1     0     2     0     0   672     0
   788     1     2     2     4     6     8     2     0     0     1     0     1     1     1     1   547     0
   789     1     1     2     2     4     6     8     1     1     0     1     1     2     1     1   630     1
   790     1     3     1     6     8     2     4     0     0     0     0     0     2     1     1   694     0
   791     2     5     0     1     3     5     7     1     0     1     0     1     3     1     0   811     0
   792     1     2     2     4     6     8     2     0     1     1     0     0     3     1     1   529     0
   793     1     1     2     2     4     6     8     1     1     0     0     0     2     1     0   694     0
   794     2     6     2     3     5     7     1     1     0     1     0     1     3     0     1   521     0
   795     2     5     0     1     3     5     7     1     0     0     1     0     2     0     0   482     0
   796     2     7     0     5     7     1     3     1     0     0     0     1     2     0     0   579     0
   797     1     3     1     6     8     2     4     0     0     0     1     1     3     1     0   668     0
   798     1     1     2     2     4     6     8     0     1     0     1     1     2     0     1   506     0
   799     1     4     1     8     2     4     6     1     1     1     1     1     2     1     0   639     0
   800     2     5     0     1     3     5     7     0     1     1     1     1     3     1     0   511     1
   801     1     4     1     8     2     4     6     1     1     1     1     0     3     1     0   528     0
   802     1     3     1     6     8     2     4     0     0     1     0     1     2     1     1   678     0
   803     2     5     0     1     3     5     7     1     1     0     1     1     3     1     1   702     0
   804     1     2     2     4     6     8     2     1     1     0     1     0     3     0     0   629     0
   805     1     1     2     2     4     6     8     1     0     0     1     0     2     0     1   678     1
   806     1     1     2     2     4     6     8     0     1     1     1     1     1     1     1   645     0
   807     1     4     1     8     2     4     6     0     1     1     0     0     2     0     0   572     0
   808     2     7     0     5     7     1     3     0     1     0     1     0     3     0     0   699     0
   809     1     4     1     8     2     4     6     1     1     1     0     1     3     1     0   533     0
   810     1     3     1     6     8     2     4     0     0     0     0     1     2     1     1   639     0
   811     2     7     0     5     7     1     3     0     1     1     0     0     3     0     1   532     0
   812     1     2     2     4     6     8     2     1     1     1     0     1     3     1     0   530     0
   813     2     5     0     1     3     5     7     1     0     0     0     1     3     0     1   622     0
   814     2     6     2     3     5     7     1     0     1     0     1     0     2     1     1   766     0
   815     2     7     0     5     7     1     3     0     1     0     0     1     2     0     0   587     0
   816     2     5     0     1     3     5     7     1     1     1     0     1     2     1     0   599     0
   817     2     8     1     7     1     3     5     1     1     1     0     1     2     0     0   572     0
   818     2     8     1     7     1     3     5     0     0     0     0     1     1     1     1   851     0
   819     2     8     1     7     1     3     5     0     1     1     0     0     1     0     1   638     0
   820     2     8     1     7     1     3     5     0     1     0     1     1     1     0     0   597     0
   821     1     1     2     2     4     6     8     1     0     1     1     0     3     1     1   616     0
   822     2     8     1     7     1     3     5     0     0     0     0     1     3     1     0   677     0
   823     1     4     1     8     2     4     6     0     1     0     1     0     3     0     1   640     0
   824     1     4     1     8     2     4     6     0     1     0     0     1     1     0     0   725     0
   825     1     3     1     6     8     2     4     0     0     0     0     1     2     0     1   564     0
   826     1     3     1     6     8     2     4     1     0     0     1     1     1     1     0   695     0
   827     2     6     2     3     5     7     1     1     1     0     0     1     3     0     1   507     0
   828     2     7     0     5     7     1     3     0     1     0     1     1     2     1     0   538     0
   829     1     4     1     8     2     4     6     0     1     1     0     1     3     0     0   564     0
   830     1     4     1     8     2     4     6     0     1     1     1     1     1     0     0   567     0
   831     2     8     1     7     1     3     5     1     1     1     1     1     3     1     0   481     0
   832     2     8     1     7     1     3     5     0     0     1     1     1     1     1     1   626     0
   833     2     5     0     1     3     5     7     1     1     0     1     0     2     1     1   549     0
   834     2     8     1     7     1     3     5     0     0     1     1     0     2     1     1   779     0
   835     1     2     2     4     6     8     2     1     0     0     1     1     3     1     0   568     0
   836     1     2     2     4     6     8     2     1     1     1     0     1     1     0     1   528     0
   837     1     1     2     2     4     6     8     0     1     0     1     1     2     1     0   660     0
   838     1     1     2     2     4     6     8     0     0     0     0     0     1     0     1   489     0
   839     2     7     0     5     7     1     3     1     0     0     0     0     3     1     0   621     0
   840     1     4     1     8     2     4     6     0     1     0     1     1     3     1     1   600     0
   841     2     5     0     1     3     5     7     1     1     0     0     0     3     1     0   586     0
   842     2     5     0     1     3     5     7     1     0     0     1     1     1     0     1   533     0
   843     1     1     2     2     4     6     8     0     1     1     0     1     3     1     1   496     0
   844     1     1     2     2     4     6     8     0     1     0     0     0     1     0     0   548     0
   845     2     8     1     7     1     3     5     1     0     1     0     0     3     1     1   637     0
   846     2     8     1     7     1     3     5     1     1     1     1     0     1     0     1   460     0
   847     2     8     1     7     1     3     5     1     1     1     1     0     1     0     0   514     0
   848     2     8     1     7     1     3     5     1     0     1     1     1     1     0     1   544     0
   849     2     6     2     3     5     7     1     0     0     1     1     1     2     1     0   779     0
   850     2     8     1     7     1     3     5     1     1     0     1     1     2     1     1   500     0
   851     1     3     1     6     8     2     4     1     0     0     1     0     3     0     1   511     0
   852     1     1     2     2     4     6     8     1     1     0     0     1     2     0     1   644     0
   853     2     5     0     1     3     5     7     1     0     0     0     1     3     0     1   682     0
   854     2     6     2     3     5     7     1     1     0     1     1     1     2     0     0   677     0
   855     2     8     1     7     1     3     5     1     1     0     1     1     2     0     1   508     0
   856     1     1     2     2     4     6     8     0     0     0     1     0     3     1     1   468     0
   857     2     6     2     3     5     7     1     1     0     1     0     0     3     1     0   493     0
   858     2     6     2     3     5     7     1     1     0     0     0     0     1     0     0   541     0
   859     1     3     1     6     8     2     4     0     0     1     1     1     3     1     0   651     0
   860     1     3     1     6     8     2     4     1     1     0     1     0     1     1     1   662     1
   861     2     6     2     3     5     7     1     0     0     1     0     1     3     1     1   522     0
   862     2     6     2     3     5     7     1     1     1     1     1     0     1     1     1   519     0
   863     1     3     1     6     8     2     4     1     0     0     0     1     3     0     1   550     0
   864     2     8     1     7     1     3     5     0     0     0     0     1     3     1     0   554     0
   865     2     5     0     1     3     5     7     0     1     1     0     1     2     0     1   568     0
   866     2     5     0     1     3     5     7     1     0     1     0     0     1     1     1   958     0
   867     2     7     0     5     7     1     3     1     1     1     0     1     2     0     1   617     0
   868     2     7     0     5     7     1     3     0     1     0     1     1     1     1     0   577     0
   869     1     1     2     2     4     6     8     0     1     0     0     1     3     0     0   569     0
   870     1     3     1     6     8     2     4     1     0     1     0     1     2     1     1   561     0
   871     2     7     0     5     7     1     3     0     1     1     0     1     3     1     1   886     0
   872     2     7     0     5     7     1     3     0     0     1     0     1     1     0     1   609     0
   873     1     2     2     4     6     8     2     1     0     1     0     0     3     1     0   575     0
   874     2     5     0     1     3     5     7     1     0     1     0     1     3     0     0   586     0
   875     1     1     2     2     4     6     8     0     1     1     0     0     3     1     1   604     0
   876     1     1     2     2     4     6     8     1     0     0     0     1     1     1     1   473     0
   877     2     5     0     1     3     5     7     0     0     1     0     1     3     1     0   756     0
   878     2     6     2     3     5     7     1     1     1     0     0     1     2     1     1   558     0
   879     2     7     0     5     7     1     3     0     0     0     0     0     2     1     1   569     0
   880     2     6     2     3     5     7     1     1     1     1     1     0     2     1     1   599     0
   881     2     8     1     7     1     3     5     0     0     1     1     1     2     1     1   669     0
   882     2     8     1     7     1     3     5     1     0     0     1     1     1     1     0   591     0
   883     2     7     0     5     7     1     3     0     1     0     1     0     2     1     1   695     0
   884     1     2     2     4     6     8     2     1     1     0     1     1     3     1     0   472     0
   885     1     1     2     2     4     6     8     0     0     0     0     1     2     1     1   464     0
   886     1     2     2     4     6     8     2     0     0     0     0     0     2     0     0   904     0
   887     2     7     0     5     7     1     3     0     1     1     1     0     3     0     1   529     0
   888     2     7     0     5     7     1     3     0     0     0     1     1     1     0     1   558     0
   889     2     6     2     3     5     7     1     0     1     1     0     0     2     0     1   575     0
   890     2     6     2     3     5     7     1     0     1     1     1     1     1     0     0   509     0
   891     2     5     0     1     3     5     7     1     0     1     0     1     2     1     1   698     0
   892     2     5     0     1     3     5     7     0     0     1     0     0     1     1     0   564     0
   893     1     1     2     2     4     6     8     1     0     1     1     1     3     1     0   856     0
   894     1     1     2     2     4     6     8     1     0     0     0     1     1     0     0   538     0
   895     2     8     1     7     1     3     5     1     0     1     0     1     3     0     0   584     0
   896     2     8     1     7     1     3     5     0     0     1     1     1     1     1     0   578     0
