     1     1     4     1     8     2     4     6     0     0     0     1     1     2     1     0   871     0
     2     1     1     2     2     4     6     8     1     0     1     0     0     2     1     0   774     0
     3     2     8     1     7     1     3     5     1     1     0     0     1     3     0     1   721     0
     4     2     6     2     3     5     7     1     1     1     0     0     1     2     0     0   512     0
     5     2     7     0     5     7     1     3     1     0     0     0     1     2     0     1   695     0
     6     2     7     0     5     7     1     3     1     1     0     0     1     1     0     1   559     0
     7     1     4     1     8     2     4     6     0     1     1     0     0     3     1     0  1138     1
     8     1     4     1     8     2     4     6     1     1     1     0     1     1     1     0   523     0
     9     1     3     1     6     8     2     4     0     0     0     1     1     2     1     1  1056     1
    10     1     4     1     8     2     4     6     1     1     0     0     1     2     1     1   621     0
    11     2     7     0     5     7     1     3     1     1     0     0     1     3     0     0   656     0
    12     2     7     0     5     7     1     3     0     1     1     0     0     1     1     0   690     0
    13     1     2     2     4     6     8     2     0     0     1     1     1     3     0     1   711     0
    14     1     2     2     4     6     8     2     0     0     1     0     0     1     0     0   497     0
    15     1     1     2     2     4     6     8     0     0     1     0     0     2     0     0   542     0
    16     1     1     2     2     4     6     8     0     1     1     0     0     1     0     1   575     0
    17     1     3     1     6     8     2     4     1     1     1     1     1     2     1     0   588     0
    18     1     3     1     6     8     2     4     0     0     0     1     0     1     1     1   598     0
    19     2     7     0     5     7     1     3     0     0     1     0     1     3     0     0   608     0
    20     2     8     1     7     1     3     5     1     1     1     1     1     2     1     1   638     0
    21     1     2     2     4     6     8     2     0     0     0     1     1     3     1     1   616     0
    22     1     2     2     4     6     8     2     1     0     1     0     1     1     1     0   568     0
    23     1     4     1     8     2     4     6     1     1     1     0     1     2     0     1   651     0
    24     1     4     1     8     2     4     6     1     1     1     0     1     1     0     0   516     0
    25     2     7     0     5     7     1     3     1     1     0     0     1     3     0     0   550     1
    26     2     7     0     5     7     1     3     0     1     0     1     0     1     1     0   583     0
    27     2     7     0     5     7     1     3     1     1     1     1     1     1     1     0   476     0
    28     2     7     0     5     7     1     3     0     1     0     0     0     1     1     0   577     0
    29     1     2     2     4     6     8     2     1     0     0     0     1     3     1     1   594     0
    30     1     2     2     4     6     8     2     1     0     1     0     1     1     0     0  1148     0
    31     2     7     0     5     7     1     3     1     1     0     0     1     3     0     1   510     0
    32     1     2     2     4     6     8     2     0     0     1     0     0     3     1     1   661     0
    33     2     8     1     7     1     3     5     0     1     1     1     1     3     0     1   651     0
    34     2     8     1     7     1     3     5     0     1     1     1     1     1     0     0   573     0
    35     2     8     1     7     1     3     5     1     1     1     1     0     1     1     0   603     0
    36     2     8     1     7     1     3     5     0     1     1     0     1     1     1     0   501     0
    37     1     3     1     6     8     2     4     1     0     1     0     1     3     1     1   859     0
    38     1     3     1     6     8     2     4     1     0     0     1     1     1     0     0   533     0
    39     2     6     2     3     5     7     1     0     0     0     1     0     3     1     0   551     0
    40     2     8     1     7     1     3     5     0     1     0     1     1     2     0     1   579     0
    41     1     4     1     8     2     4     6     0     0     1     0     1     3     0     1   608     1
    42     1     4     1     8     2     4     6     0     0     1     1     0     1     0     0   689     0
    43     1     1     2     2     4     6     8     0     0     1     1     0     2     0     0   529     0
    44     1     1     2     2     4     6     8     1     0     1     0     0     1     1     0   669     0
    45     2     7     0     5     7     1     3     1     0     1     0     1     3     0     0   531     0
    46     2     8     1     7     1     3     5     1     0     1     1     0     2     0     0   516     0
    47     1     4     1     8     2     4     6     1     0     0     0     1     3     0     0   489     0
    48     1     4     1     8     2     4     6     0     0     1     1     1     1     1     0   607     0
    49     1     3     1     6     8     2     4     1     1     0     1     0     2     1     1   758     0
    50     1     3     1     6     8     2     4     1     0     1     1     1     1     0     1   633     0
    51     2     6     2     3     5     7     1     1     1     1     1     0     3     0     1   570     0
    52     2     6     2     3     5     7     1     0     1     1     1     0     1     1     0   926     0
    53     2     7     0     5     7     1     3     1     1     0     0     1     2     1     0   660     0
    54     2     7     0     5     7     1     3     0     0     1     0     0     1     1     1   831     0
    55     2     6     2     3     5     7     1     0     0     1     1     0     2     0     0   544     0
    56     2     7     0     5     7     1     3     0     1     1     0     0     2     0     1   628     0
    57     2     5     0     1     3     5     7     1     1     0     0     0     2     1     0   898     0
    58     2     5     0     1     3     5     7     1     1     1     0     0     1     0     0   635     0
    59     2     5     0     1     3     5     7     0     1     1     1     1     1     1     0   553     0
    60     2     5     0     1     3     5     7     0     0     1     0     1     1     0     1   672     0
    61     1     4     1     8     2     4     6     0     1     0     1     1     3     0     1   580     0
    62     1     4     1     8     2     4     6     0     1     1     0     1     1     0     0   439     0
    63     2     7     0     5     7     1     3     0     0     1     1     0     3     0     1   744     1
    64     2     7     0     5     7     1     3     1     0     0     1     1     1     1     0  1049     0
    65     1     2     2     4     6     8     2     1     1     1     0     1     3     0     1  1126     0
    66     1     2     2     4     6     8     2     0     1     0     1     0     1     1     0  1052     0
    67     1     1     2     2     4     6     8     0     1     1     0     0     2     0     0   619     0
    68     2     8     1     7     1     3     5     0     1     0     0     1     3     0     0   498     0
    69     2     8     1     7     1     3     5     1     0     1     1     1     1     1     1   555     1
    70     2     8     1     7     1     3     5     0     0     0     0     1     1     1     0   659     0
    71     2     8     1     7     1     3     5     1     0     0     0     1     1     1     0   716     0
    72     2     8     1     7     1     3     5     0     1     1     1     0     1     1     1   588     0
    73     2     8     1     7     1     3     5     1     1     0     0     1     1     1     0   632     0
    74     2     5     0     1     3     5     7     1     0     1     0     1     2     0     1   946     0
    75     1     1     2     2     4     6     8     1     0     0     1     1     3     0     0   514     0
    76     1     1     2     2     4     6     8     1     0     0     1     1     1     0     0   446     0
    77     1     2     2     4     6     8     2     0     1     0     1     0     2     1     1   909     0
    78     1     2     2     4     6     8     2     0     1     1     1     1     1     0     0   693     0
    79     1     1     2     2     4     6     8     1     1     1     0     1     2     1     0   598     0
    80     2     8     1     7     1     3     5     0     1     0     1     1     3     1     0   517     0
    81     1     1     2     2     4     6     8     0     0     0     0     0     3     0     1   465     0
    82     1     4     1     8     2     4     6     0     0     1     0     1     2     0     0   519     0
    83     2     6     2     3     5     7     1     0     1     0     0     1     3     0     1   557     0
    84     2     6     2     3     5     7     1     0     0     1     0     1     1     0     1   541     0
    85     2     6     2     3     5     7     1     1     0     0     1     1     1     1     0   722     0
    86     2     6     2     3     5     7     1     0     1     1     1     1     1     1     1   529     0
    87     1     4     1     8     2     4     6     0     1     1     1     0     3     0     0   530     0
    88     1     4     1     8     2     4     6     0     1     0     0     0     1     0     0   427     0
    89     2     8     1     7     1     3     5     1     1     0     1     0     3     1     0   499     0
    90     2     7     0     5     7     1     3     1     0     1     0     0     2     0     1   589     0
    91     1     3     1     6     8     2     4     1     1     0     1     0     3     0     1   657     0
    92     1     3     1     6     8     2     4     1     0     0     1     0     1     0     1   676     0
    93     2     8     1     7     1     3     5     1     1     0     1     1     3     0     1   712     0
    94     2     8     1     7     1     3     5     0     1     0     0     1     1     1     0   841     0
    95     1     1     2     2     4     6     8     1     0     1     1     1     3     1     1   611     0
    96     1     1     2     2     4     6     8     1     0     0     0     1     1     0     0   456     0
    97     2     6     2     3     5     7     1     0     0     1     0     0     3     1     0   609     0
    98     1     3     1     6     8     2     4     1     0     1     1     0     3     1     0   565     0
    99     2     8     1     7     1     3     5     0     1     1     1     0     3     1     1   700     0
   100     1     3     1     6     8     2     4     1     0     0     0     1     3     1     1   559     0
   101     1     1     2     2     4     6     8     0     1     0     1     0     2     1     1   718     0
   102     1     1     2     2     4     6     8     0     0     1     0     0     1     0     1   426     0
   103     1     4     1     8     2     4     6     1     0     0     1     1     2     1     0  1136     0
   104     1     4     1     8     2     4     6     0     0     0     0     1     1     1     0   837     0
   105     1     4     1     8     2     4     6     1     1     1     0     0     1     1     1   560     0
   106     2     7     0     5     7     1     3     0     1     0     0     1     3     1     0   781     0
   107     2     5     0     1     3     5     7     0     1     1     1     0     2     0     0   475     1
   108     2     5     0     1     3     5     7     1     0     0     1     1     1     1     1   672     0
   109     1     4     1     8     2     4     6     0     0     0     1     0     3     1     0   596     0
   110     1     1     2     2     4     6     8     0     0     1     1     1     2     0     0   522     0
   111     1     1     2     2     4     6     8     1     0     1     0     1     1     1     0   640     0
   112     1     1     2     2     4     6     8     0     0     0     0     0     1     1     0   508     0
   113     2     6     2     3     5     7     1     1     0     0     0     1     3     1     0   776     0
   114     2     6     2     3     5     7     1     1     0     1     1     1     1     0     0   411     0
   115     1     2     2     4     6     8     2     0     0     1     0     1     3     1     0   883     0
   116     2     5     0     1     3     5     7     0     1     1     0     0     3     0     1   597     0
   117     1     3     1     6     8     2     4     1     1     0     0     1     3     1     0   709     1
   118     1     1     2     2     4     6     8     1     0     1     0     1     2     0     1   635     0
   119     2     6     2     3     5     7     1     0     1     1     0     1     3     1     1   542     0
   120     2     6     2     3     5     7     1     1     0     1     0     0     1     1     1   605     0
   121     2     6     2     3     5     7     1     0     1     0     1     1     1     1     1  1141     0
   122     2     6     2     3     5     7     1     1     1     1     0     1     1     1     0   763     0
   123     2     5     0     1     3     5     7     0     1     0     0     1     2     1     0   685     0
   124     2     5     0     1     3     5     7     0     0     0     1     1     1     0     1   533     0
   125     1     4     1     8     2     4     6     0     0     1     1     1     3     0     0   572     0
   126     1     2     2     4     6     8     2     1     0     0     0     1     2     1     0   595     0
   127     2     8     1     7     1     3     5     1     0     1     1     0     3     0     0   577     0
   128     2     8     1     7     1     3     5     1     1     0     1     1     1     0     1   579     0
   129     1     1     2     2     4     6     8     1     1     1     0     1     3     0     0   695     1
   130     1     1     2     2     4     6     8     0     1     0     0     0     1     1     0   846     0
   131     2     5     0     1     3     5     7     0     1     1     0     0     3     0     0   510     0
   132     2     5     0     1     3     5     7     1     1     0     0     1     1     1     0   584     0
   133     1     4     1     8     2     4     6     1     0     0     1     1     3     0     1   623     0
   134     2     5     0     1     3     5     7     1     0     1     0     1     3     0     0   532     0
   135     1     1     2     2     4     6     8     0     0     1     0     0     3     1     0   699     1
   136     1     2     2     4     6     8     2     1     1     0     0     0     2     1     1  1217     0
   137     1     1     2     2     4     6     8     1     0     0     1     1     2     0     1   532     1
   138     1     1     2     2     4     6     8     0     1     1     1     0     1     1     1   734     0
   139     1     3     1     6     8     2     4     1     1     1     1     0     2     1     0   810     0
   140     2     6     2     3     5     7     1     1     1     1     0     0     3     0     0   643     0
   141     2     7     0     5     7     1     3     0     0     1     1     0     2     1     1   624     0
   142     1     4     1     8     2     4     6     0     0     1     0     1     3     0     0   624     0
   143     1     4     1     8     2     4     6     1     1     1     1     1     1     1     1   606     0
   144     1     4     1     8     2     4     6     0     0     0     0     1     1     1     1   514     0
   145     1     2     2     4     6     8     2     1     0     0     0     1     2     1     0   575     0
   146     1     2     2     4     6     8     2     1     0     1     1     0     1     0     0   549     0
   147     2     7     0     5     7     1     3     1     1     1     1     0     3     0     1   565     0
   148     1     2     2     4     6     8     2     0     0     1     0     0     3     1     1   638     0
   149     1     2     2     4     6     8     2     1     0     0     1     0     1     1     0   603     0
   150     1     2     2     4     6     8     2     0     0     0     1     0     1     1     0   520     0
   151     1     2     2     4     6     8     2     0     1     1     0     0     1     0     1   674     0
   152     1     2     2     4     6     8     2     0     1     0     0     1     1     0     0   559     0
   153     1     2     2     4     6     8     2     1     1     1     1     0     1     1     0   633     0
   154     1     2     2     4     6     8     2     0     0     1     1     1     1     1     1   550     0
   155     2     5     0     1     3     5     7     1     0     0     1     0     3     1     0   871     0
   156     2     5     0     1     3     5     7     0     0     1     0     1     1     1     0   642     0
   157     1     3     1     6     8     2     4     1     0     0     1     1     3     1     0   654     0
   158     1     3     1     6     8     2     4     0     0     0     1     0     1     1     0   639     0
   159     2     7     0     5     7     1     3     1     1     1     0     1     3     1     1   604     0
   160     2     7     0     5     7     1     3     1     0     1     0     1     1     0     1   566     0
   161     2     6     2     3     5     7     1     1     0     1     1     1     2     0     0   602     0
   162     2     5     0     1     3     5     7     1     0     1     1     0     2     0     0   582     0
   163     1     1     2     2     4     6     8     1     0     0     0     0     3     0     0   517     0
   164     1     4     1     8     2     4     6     0     1     1     1     0     2     1     1   728     0
   165     2     6     2     3     5     7     1     1     0     1     0     1     3     1     1   508     1
   166     2     6     2     3     5     7     1     1     1     1     1     0     1     0     1   648     0
   167     1     3     1     6     8     2     4     1     0     1     0     1     3     0     1   509     0
   168     1     3     1     6     8     2     4     1     0     1     1     0     1     0     0   750     1
   169     1     2     2     4     6     8     2     1     0     0     1     1     2     0     0   530     0
   170     2     7     0     5     7     1     3     0     1     1     0     0     3     1     1  1077     0
   171     1     1     2     2     4     6     8     0     1     1     1     1     3     0     0   665     0
   172     2     6     2     3     5     7     1     0     0     1     1     1     3     0     1   594     0
   173     2     7     0     5     7     1     3     0     1     0     0     1     2     0     1   704     0
   174     2     7     0     5     7     1     3     0     0     1     1     1     1     0     1   535     0
   175     2     6     2     3     5     7     1     0     1     0     0     1     2     0     1   581     0
   176     2     6     2     3     5     7     1     0     0     0     1     1     1     0     1   414     0
   177     2     7     0     5     7     1     3     0     0     0     1     1     2     0     0   470     0
   178     2     7     0     5     7     1     3     1     1     0     0     0     1     1     1   837     0
   179     2     6     2     3     5     7     1     0     1     1     0     0     2     1     0   556     0
   180     2     6     2     3     5     7     1     0     0     1     1     0     1     0     1   533     0
   181     2     6     2     3     5     7     1     0     0     1     1     1     1     0     0   466     0
   182     1     3     1     6     8     2     4     0     1     0     1     0     3     0     1   616     0
   183     2     6     2     3     5     7     1     1     0     0     1     1     3     1     1   524     0
   184     2     6     2     3     5     7     1     0     1     1     0     1     1     1     1   489     1
   185     1     2     2     4     6     8     2     1     0     1     0     0     3     1     1   702     0
   186     1     3     1     6     8     2     4     1     0     1     1     0     2     0     0   488     0
   187     2     6     2     3     5     7     1     1     1     1     0     1     3     0     1   511     0
   188     2     7     0     5     7     1     3     1     0     1     0     1     2     0     1   530     0
   189     2     6     2     3     5     7     1     0     0     1     0     0     2     1     0   673     0
   190     2     8     1     7     1     3     5     1     0     1     0     0     2     1     0   539     0
   191     1     2     2     4     6     8     2     1     0     1     1     0     3     0     0   609     0
   192     1     2     2     4     6     8     2     1     1     0     1     0     1     0     1   569     0
   193     1     1     2     2     4     6     8     0     1     1     0     1     2     1     0   549     0
   194     1     2     2     4     6     8     2     0     0     1     1     0     2     0     1   543     0
   195     2     7     0     5     7     1     3     1     1     1     1     0     3     1     1   792     0
   196     2     6     2     3     5     7     1     0     1     0     1     0     2     1     0   677     0
   197     2     6     2     3     5     7     1     0     0     1     1     0     1     0     1   505     0
   198     2     6     2     3     5     7     1     0     1     0     0     1     1     0     1   523     0
   199     2     6     2     3     5     7     1     0     0     1     0     0     1     0     1   514     0
   200     1     1     2     2     4     6     8     1     0     1     1     1     3     1     0   794     0
   201     2     8     1     7     1     3     5     0     1     1     1     0     3     1     1  1135     0
   202     2     8     1     7     1     3     5     0     1     1     1     0     1     0     0   540     0
   203     2     7     0     5     7     1     3     1     0     0     0     1     2     1     1   822     0
   204     2     7     0     5     7     1     3     0     0     0     1     1     1     1     0   551     0
   205     1     3     1     6     8     2     4     1     1     1     0     0     3     1     1   713     0
   206     1     4     1     8     2     4     6     0     1     1     0     1     2     1     0   610     0
   207     1     4     1     8     2     4     6     0     1     1     1     1     1     0     0   519     0
   208     1     3     1     6     8     2     4     0     1     0     1     0     2     0     0   616     1
   209     1     1     2     2     4     6     8     1     1     0     1     1     2     1     0   527     0
   210     1     1     2     2     4     6     8     1     1     1     1     1     1     0     0   508     0
   211     2     5     0     1     3     5     7     0     0     0     1     1     3     1     1   688     0
   212     2     5     0     1     3     5     7     1     1     0     1     0     1     1     1   600     0
   213     1     1     2     2     4     6     8     1     0     0     1     1     3     0     1   522     0
   214     1     1     2     2     4     6     8     1     0     0     0     1     1     0     0   566     0
   215     2     8     1     7     1     3     5     1     1     1     0     1     3     0     1   561     0
   216     2     8     1     7     1     3     5     1     1     1     0     1     1     0     0   445     0
   217     1     2     2     4     6     8     2     1     1     1     0     0     3     0     0   605     0
   218     1     3     1     6     8     2     4     0     1     0     1     1     2     1     0   686     0
   219     1     1     2     2     4     6     8     0     0     1     1     0     2     0     1   494     0
   220     1     1     2     2     4     6     8     0     1     1     0     1     1     0     1   511     0
   221     1     4     1     8     2     4     6     1     1     1     0     0     2     1     0   520     0
   222     1     1     2     2     4     6     8     0     1     1     0     1     2     1     0   528     0
   223     2     5     0     1     3     5     7     0     1     0     0     1     3     0     0   611     0
   224     2     6     2     3     5     7     1     1     1     0     0     0     2     1     0   656     1
   225     2     7     0     5     7     1     3     0     1     1     0     0     2     1     0   768     0
   226     2     7     0     5     7     1     3     0     0     1     1     0     1     0     1   558     0
   227     1     3     1     6     8     2     4     0     1     1     1     0     3     0     1   568     0
   228     1     4     1     8     2     4     6     1     0     0     0     1     2     1     1  1073     0
   229     2     7     0     5     7     1     3     0     1     1     0     1     3     1     1   547     0
   230     2     7     0     5     7     1     3     1     1     1     0     1     1     1     0   670     0
   231     2     7     0     5     7     1     3     1     1     1     0     1     1     0     0   465     0
   232     2     7     0     5     7     1     3     0     0     1     1     0     1     1     1   698     0
   233     1     4     1     8     2     4     6     0     1     0     0     0     3     0     1   593     0
   234     1     4     1     8     2     4     6     0     0     0     0     0     1     0     1   456     0
   235     1     3     1     6     8     2     4     1     1     1     0     0     2     1     1   637     0
   236     1     3     1     6     8     2     4     0     0     0     0     1     1     1     1   593     0
   237     2     5     0     1     3     5     7     0     0     1     1     0     3     0     0   823     1
   238     2     7     0     5     7     1     3     0     1     1     0     0     2     0     1   816     0
   239     1     4     1     8     2     4     6     1     1     0     0     0     3     1     0  1103     0
   240     1     4     1     8     2     4     6     0     0     1     0     1     1     1     1   696     0
   241     1     2     2     4     6     8     2     0     1     0     0     0     2     0     1   515     0
   242     1     3     1     6     8     2     4     1     0     0     0     1     2     1     1  1067     0
   243     1     3     1     6     8     2     4     0     0     1     0     1     1     1     0   604     0
   244     1     3     1     6     8     2     4     0     0     0     0     1     1     0     0   400     0
   245     1     1     2     2     4     6     8     1     0     1     1     1     2     1     0   742     0
   246     1     1     2     2     4     6     8     1     1     1     1     0     1     0     1   614     0
   247     1     2     2     4     6     8     2     0     0     0     1     0     2     1     1   636     0
   248     1     2     2     4     6     8     2     1     1     0     1     0     1     1     1  1025     0
   249     1     1     2     2     4     6     8     0     1     0     0     1     2     1     0   652     0
   250     2     8     1     7     1     3     5     1     1     1     1     0     3     1     0   738     0
   251     1     1     2     2     4     6     8     1     0     1     0     1     3     0     1   626     0
   252     1     2     2     4     6     8     2     0     1     1     0     1     2     1     1   749     0
   253     2     6     2     3     5     7     1     1     0     0     0     0     3     1     1   505     0
   254     2     7     0     5     7     1     3     1     1     1     0     0     2     0     1   669     0
   255     1     2     2     4     6     8     2     1     0     1     1     0     3     0     1   560     0
   256     1     1     2     2     4     6     8     1     1     0     0     0     2     0     1   696     0
   257     1     2     2     4     6     8     2     1     0     1     1     1     2     0     1   552     0
   258     1     2     2     4     6     8     2     0     0     0     0     1     1     1     0   683     0
   259     1     1     2     2     4     6     8     0     0     1     0     0     2     0     0   867     0
   260     2     6     2     3     5     7     1     0     0     0     0     0     3     0     0   509     0
   261     2     5     0     1     3     5     7     1     1     1     1     0     2     1     1   561     0
   262     2     5     0     1     3     5     7     1     1     0     0     0     1     0     0   565     0
   263     2     5     0     1     3     5     7     0     1     1     0     0     1     1     0   627     0
   264     2     5     0     1     3     5     7     0     1     0     1     0     1     0     0   740     0
   265     2     6     2     3     5     7     1     0     0     0     0     0     2     0     1   512     0
   266     2     6     2     3     5     7     1     0     1     0     0     0     1     0     1   485     0
   267     2     5     0     1     3     5     7     0     0     0     0     1     2     0     1   408     0
   268     2     5     0     1     3     5     7     1     1     1     1     1     1     1     1   508     0
   269     2     7     0     5     7     1     3     0     1     1     1     1     2     1     0   936     0
   270     2     5     0     1     3     5     7     1     1     0     1     0     2     1     0   450     1
   271     2     8     1     7     1     3     5     1     1     1     1     0     2     0     0   665     0
   272     2     7     0     5     7     1     3     0     0     1     1     0     2     1     1   761     0
   273     1     4     1     8     2     4     6     0     0     1     1     1     3     0     0   680     0
   274     1     4     1     8     2     4     6     0     0     0     1     0     1     0     0   486     0
   275     1     2     2     4     6     8     2     1     0     0     0     0     2     1     0   624     0
   276     1     2     2     4     6     8     2     1     0     1     0     1     1     0     0   496     0
   277     2     5     0     1     3     5     7     1     1     1     0     0     3     0     1   541     0
   278     1     2     2     4     6     8     2     0     0     1     0     1     3     1     1   564     0
   279     2     5     0     1     3     5     7     0     1     1     0     1     3     0     1   845     0
   280     1     2     2     4     6     8     2     1     0     0     0     0     3     1     1   527     0
   281     1     4     1     8     2     4     6     1     0     0     1     0     2     0     0   559     0
   282     1     4     1     8     2     4     6     0     0     1     0     0     1     1     0   546     0
   283     2     7     0     5     7     1     3     1     1     1     1     1     3     1     1   688     0
   284     2     7     0     5     7     1     3     1     1     1     1     1     1     0     0   517     0
   285     1     4     1     8     2     4     6     0     0     1     1     1     3     1     1   666     1
   286     1     4     1     8     2     4     6     1     1     0     1     0     1     1     1  1500     2
   287     1     3     1     6     8     2     4     1     0     1     1     1     2     0     1   708     0
   288     1     3     1     6     8     2     4     1     0     1     1     1     1     0     0   812     0
   289     1     1     2     2     4     6     8     0     0     1     1     0     2     1     0   794     0
   290     1     1     2     2     4     6     8     0     0     0     1     1     1     0     0   762     0
   291     2     8     1     7     1     3     5     1     0     0     1     0     3     1     0   563     0
   292     2     8     1     7     1     3     5     0     0     0     1     0     1     1     0   472     0
   293     1     1     2     2     4     6     8     0     0     0     1     0     3     0     0   497     0
   294     1     4     1     8     2     4     6     1     1     1     0     0     2     1     1  1247     0
   295     2     6     2     3     5     7     1     1     0     0     0     1     3     0     1   588     0
   296     2     6     2     3     5     7     1     1     0     1     0     1     1     0     0   437     0
   297     2     7     0     5     7     1     3     1     1     1     1     0     2     0     1   620     0
   298     2     7     0     5     7     1     3     0     0     1     0     1     1     1     1  1280     0
   299     2     5     0     1     3     5     7     0     1     0     0     0     2     0     1   522     0
   300     1     4     1     8     2     4     6     1     0     1     0     1     3     1     1   514     0
   301     2     6     2     3     5     7     1     0     0     1     0     0     3     1     0   580     0
   302     2     7     0     5     7     1     3     1     1     1     0     0     2     1     1   625     1
   303     1     3     1     6     8     2     4     0     0     0     1     0     3     1     1  1325     0
   304     1     2     2     4     6     8     2     0     0     1     0     0     2     0     0   534     0
   305     2     6     2     3     5     7     1     1     1     1     1     1     3     1     1   558     0
   306     2     6     2     3     5     7     1     0     1     0     1     0     1     1     0   561     0
   307     1     1     2     2     4     6     8     1     1     0     1     1     3     1     0   562     0
   308     1     1     2     2     4     6     8     1     0     1     1     1     1     0     1   523     0
   309     1     2     2     4     6     8     2     1     0     0     1     1     2     0     0   522     0
   310     1     2     2     4     6     8     2     0     1     1     0     0     1     1     1   679     0
   311     2     8     1     7     1     3     5     1     1     1     1     1     3     1     0   502     0
   312     1     1     2     2     4     6     8     0     0     0     1     0     3     1     1   579     0
   313     2     7     0     5     7     1     3     0     0     1     1     0     3     0     0   727     0
   314     2     7     0     5     7     1     3     1     0     0     0     1     1     1     0   535     0
   315     2     7     0     5     7     1     3     0     0     1     0     1     1     1     0   476     0
   316     2     8     1     7     1     3     5     0     0     1     1     0     2     0     0   610     0
   317     2     8     1     7     1     3     5     1     0     0     1     0     1     1     0   514     0
   318     2     8     1     7     1     3     5     1     1     0     0     1     1     0     1   577     0
   319     2     8     1     7     1     3     5     1     0     1     1     1     1     0     1   496     0
   320     2     8     1     7     1     3     5     0     0     1     0     1     1     1     0   595     0
   321     1     3     1     6     8     2     4     1     0     0     1     0     3     1     0   455     0
   322     1     3     1     6     8     2     4     0     0     1     0     0     1     1     0   483     0
   323     1     1     2     2     4     6     8     0     0     1     0     1     2     0     0   581     0
   324     1     1     2     2     4     6     8     0     1     0     0     1     1     0     1   538     0
   325     1     2     2     4     6     8     2     1     0     1     1     1     2     1     1   665     1
   326     2     5     0     1     3     5     7     1     0     0     1     0     3     0     0   849     0
   327     1     1     2     2     4     6     8     1     0     1     0     0     3     0     0   473     0
   328     1     1     2     2     4     6     8     0     0     1     1     0     1     1     0   776     0
   329     2     8     1     7     1     3     5     0     1     1     0     1     3     0     1   491     0
   330     2     8     1     7     1     3     5     0     1     1     0     1     1     0     0   480     0
   331     1     4     1     8     2     4     6     1     0     1     0     0     3     1     1   548     0
   332     1     4     1     8     2     4     6     1     0     1     1     1     1     0     0   532     0
   333     2     5     0     1     3     5     7     1     1     1     0     1     3     0     1   536     0
   334     2     5     0     1     3     5     7     0     1     1     1     0     1     1     0   818     0
   335     1     3     1     6     8     2     4     1     0     0     1     0     3     1     1   623     0
   336     1     4     1     8     2     4     6     0     0     0     1     0     2     1     0   592     0
   337     1     1     2     2     4     6     8     0     0     1     0     1     2     0     0   744     0
   338     1     1     2     2     4     6     8     1     1     0     1     1     1     1     1   691     0
   339     2     5     0     1     3     5     7     1     0     0     0     0     3     0     1   456     0
   340     2     6     2     3     5     7     1     1     1     0     0     1     2     0     1   434     0
   341     2     5     0     1     3     5     7     0     0     0     0     1     2     1     1   487     0
   342     2     5     0     1     3     5     7     1     1     0     0     0     1     1     1   546     0
   343     2     7     0     5     7     1     3     0     1     0     1     0     2     1     0   928     0
   344     2     8     1     7     1     3     5     1     1     1     1     0     2     1     0   542     0
   345     1     4     1     8     2     4     6     0     1     1     0     0     3     1     0   622     0
   346     1     4     1     8     2     4     6     0     1     1     0     1     1     0     0   446     0
   347     2     5     0     1     3     5     7     0     0     0     1     1     3     0     1   518     0
   348     2     5     0     1     3     5     7     1     1     0     1     0     1     1     1   692     0
   349     2     7     0     5     7     1     3     1     1     0     1     0     2     0     0   790     0
   350     2     7     0     5     7     1     3     1     1     1     0     1     1     0     0   509     0
   351     1     3     1     6     8     2     4     1     0     1     0     0     3     0     1   647     0
   352     2     8     1     7     1     3     5     1     1     0     1     1     3     0     1   671     0
   353     1     3     1     6     8     2     4     0     0     0     0     1     3     1     1   784     0
   354     1     1     2     2     4     6     8     1     0     1     0     1     2     1     0   850     0
   355     2     5     0     1     3     5     7     1     1     1     1     1     3     0     1   563     0
   356     2     5     0     1     3     5     7     0     0     1     0     1     1     1     1   650     0
   357     2     8     1     7     1     3     5     0     0     0     0     0     2     0     0   553     0
   358     2     5     0     1     3     5     7     1     0     1     1     0     2     1     0  1250     0
   359     1     3     1     6     8     2     4     1     0     1     1     1     3     0     0   563     0
   360     1     4     1     8     2     4     6     0     0     1     0     0     2     1     0   775     0
   361     1     2     2     4     6     8     2     0     0     1     0     0     2     0     0   492     0
   362     1     3     1     6     8     2     4     0     1     1     0     0     2     0     1   645     0
   363     1     4     1     8     2     4     6     1     1     0     1     1     2     1     0  1104     0
   364     1     1     2     2     4     6     8     0     1     0     0     1     2     1     0   634     0
   365     2     5     0     1     3     5     7     0     1     1     0     0     3     0     0   545     0
   366     2     5     0     1     3     5     7     1     1     0     1     0     1     1     0   517     0
   367     2     6     2     3     5     7     1     0     1     1     1     1     2     1     0   630     0
   368     1     3     1     6     8     2     4     1     1     1     0     0     3     1     0   632     0
   369     2     7     0     5     7     1     3     0     1     1     1     0     3     1     0   741     0
   370     2     6     2     3     5     7     1     1     0     1     1     1     2     1     1   673     0
   371     1     4     1     8     2     4     6     1     1     1     1     0     3     0     1   734     0
   372     1     4     1     8     2     4     6     1     1     1     1     0     1     0     0   562     0
   373     1     3     1     6     8     2     4     0     1     1     1     0     2     1     0   614     0
   374     1     4     1     8     2     4     6     1     0     0     0     1     2     1     1   741     0
   375     1     2     2     4     6     8     2     1     1     1     0     1     2     0     1   832     0
   376     2     7     0     5     7     1     3     1     0     0     0     0     3     0     1   664     0
   377     2     7     0     5     7     1     3     1     1     0     1     0     1     0     1   652     0
   378     2     6     2     3     5     7     1     1     1     1     1     1     2     0     0   700     0
   379     1     2     2     4     6     8     2     1     1     1     0     0     3     0     0   582     0
   380     1     2     2     4     6     8     2     1     1     1     1     1     1     0     0   465     0
   381     2     8     1     7     1     3     5     0     0     0     1     1     3     1     1   686     0
   382     1     1     2     2     4     6     8     1     1     0     0     0     3     1     1   555     1
   383     1     3     1     6     8     2     4     0     1     1     0     0     2     1     0   686     0
   384     1     3     1     6     8     2     4     1     1     0     1     1     1     1     0   593     0
   385     1     2     2     4     6     8     2     0     1     0     0     1     2     1     0   630     0
   386     1     2     2     4     6     8     2     1     1     1     1     1     1     1     0   532     0
   387     1     4     1     8     2     4     6     0     1     1     1     0     2     1     0   493     0
   388     1     4     1     8     2     4     6     0     1     1     1     1     1     0     0   484     0
   389     1     2     2     4     6     8     2     1     0     1     0     0     2     1     1   625     0
   390     1     2     2     4     6     8     2     0     0     0     0     0     1     1     0   492     0
   391     2     5     0     1     3     5     7     1     1     1     0     0     3     1     1   448     0
   392     1     2     2     4     6     8     2     0     0     0     1     1     3     1     1   462     1
   393     2     7     0     5     7     1     3     1     0     0     0     0     3     1     0   405     0
   394     2     7     0     5     7     1     3     0     1     0     1     1     1     1     1   581     0
   395     2     6     2     3     5     7     1     0     0     1     1     0     2     0     1   427     0
   396     2     6     2     3     5     7     1     1     0     1     1     1     1     1     0   614     0
   397     2     8     1     7     1     3     5     1     1     1     1     0     2     0     1   655     0
   398     2     8     1     7     1     3     5     1     1     1     1     1     1     0     0   429     0
   399     1     2     2     4     6     8     2     0     1     1     1     1     3     1     0   526     0
   400     1     2     2     4     6     8     2     0     1     0     1     0     1     0     0   565     0
   401     2     7     0     5     7     1     3     0     1     0     1     1     3     0     0   349     0
   402     2     8     1     7     1     3     5     1     0     0     1     0     2     1     1   529     0
   403     2     6     2     3     5     7     1     0     0     0     0     0     2     1     0   504     0
   404     2     6     2     3     5     7     1     0     1     1     1     1     1     0     1   576     0
   405     1     2     2     4     6     8     2     0     0     1     1     1     3     0     1   448     0
   406     1     2     2     4     6     8     2     0     1     0     1     0     1     0     1   635     0
   407     2     5     0     1     3     5     7     1     0     0     0     0     3     1     1   468     0
   408     2     5     0     1     3     5     7     0     0     1     0     1     1     1     0   556     0
   409     1     2     2     4     6     8     2     1     0     1     1     1     3     1     0   545     0
   410     1     4     1     8     2     4     6     0     0     0     0     1     2     1     0   737     0
   411     2     5     0     1     3     5     7     1     0     0     1     0     3     1     0   576     0
   412     2     5     0     1     3     5     7     1     1     0     0     0     1     0     1   602     0
   413     1     2     2     4     6     8     2     0     0     0     0     0     3     1     1   586     0
   414     1     3     1     6     8     2     4     1     1     0     0     0     2     1     1   639     0
   415     2     5     0     1     3     5     7     0     0     0     1     1     3     1     1   725     0
   416     2     5     0     1     3     5     7     0     0     0     0     0     1     0     0   518     0
   417     2     5     0     1     3     5     7     1     1     1     0     1     1     1     1   529     0
   418     2     5     0     1     3     5     7     0     0     1     1     0     1     1     1   595     0
   419     2     5     0     1     3     5     7     0     1     1     1     0     1     0     1   457     0
   420     2     6     2     3     5     7     1     1     0     0     0     1     2     1     1   516     1
   421     2     6     2     3     5     7     1     1     0     1     1     1     1     0     0   392     0
   422     2     6     2     3     5     7     1     1     0     0     1     1     1     0     0   473     0
   423     2     7     0     5     7     1     3     0     0     1     1     0     2     1     0   798     0
   424     2     7     0     5     7     1     3     0     1     1     0     1     1     0     1   556     0
   425     2     6     2     3     5     7     1     0     0     0     1     0     2     0     1   481     0
   426     2     6     2     3     5     7     1     0     1     1     1     0     1     0     1   533     0
   427     1     3     1     6     8     2     4     0     1     1     1     1     3     0     0   605     0
   428     1     2     2     4     6     8     2     0     0     0     0     1     2     0     1   647     0
   429     1     4     1     8     2     4     6     1     1     1     0     0     2     1     1   797     0
   430     1     2     2     4     6     8     2     0     1     0     0     1     2     1     0   620     0
   431     2     5     0     1     3     5     7     0     1     0     1     0     3     0     0   579     0
   432     2     5     0     1     3     5     7     0     0     1     0     1     1     0     1   622     0
   433     1     2     2     4     6     8     2     1     1     0     1     0     3     1     1   598     0
   434     1     1     2     2     4     6     8     0     0     1     0     0     2     1     1   635     0
   435     1     2     2     4     6     8     2     0     1     0     0     0     2     0     1   655     0
   436     1     2     2     4     6     8     2     1     1     1     0     0     1     1     0   600     0
   437     1     3     1     6     8     2     4     0     1     1     0     0     2     1     0   547     1
   438     1     3     1     6     8     2     4     0     1     1     1     1     1     0     0   442     0
   439     1     1     2     2     4     6     8     1     1     1     0     1     2     1     0   634     0
   440     1     1     2     2     4     6     8     0     0     0     1     1     1     1     1   512     0
   441     2     6     2     3     5     7     1     0     0     1     1     0     3     0     0   536     0
   442     2     8     1     7     1     3     5     1     1     1     0     0     2     1     1   499     0
   443     1     4     1     8     2     4     6     1     0     0     0     1     3     0     1   534     0
   444     1     1     2     2     4     6     8     1     0     1     0     0     2     0     0   498     0
   445     2     5     0     1     3     5     7     1     1     1     1     1     3     0     1   587     0
   446     2     8     1     7     1     3     5     0     1     0     1     0     2     1     0   913     0
   447     2     8     1     7     1     3     5     1     1     0     1     1     1     1     0   501     0
   448     2     8     1     7     1     3     5     0     1     1     1     1     1     1     0   600     0
   449     1     4     1     8     2     4     6     0     0     1     1     0     3     0     1   696     0
   450     1     4     1     8     2     4     6     0     1     1     1     0     1     0     1   496     0
   451     2     6     2     3     5     7     1     1     0     0     1     1     3     1     1   887     0
   452     2     6     2     3     5     7     1     0     1     1     1     1     1     1     1   524     0
   453     1     1     2     2     4     6     8     0     1     0     1     0     3     0     0   525     0
   454     1     1     2     2     4     6     8     1     1     0     1     1     1     1     0   491     0
   455     2     7     0     5     7     1     3     0     1     1     0     1     3     1     0   815     0
   456     2     6     2     3     5     7     1     0     1     1     1     0     2     0     0   460     0
   457     1     4     1     8     2     4     6     1     0     0     1     0     3     1     1   537     0
   458     2     5     0     1     3     5     7     0     0     0     1     0     3     1     0   453     0
   459     2     8     1     7     1     3     5     0     0     1     1     0     2     0     0   530     0
   460     2     8     1     7     1     3     5     1     0     0     1     1     1     1     0   650     0
   461     1     3     1     6     8     2     4     0     1     1     1     1     3     1     1   535     0
   462     1     4     1     8     2     4     6     0     1     1     1     0     2     0     0   504     0
   463     2     6     2     3     5     7     1     0     1     1     0     1     3     0     0   469     0
   464     2     7     0     5     7     1     3     1     1     0     1     1     2     1     0   637     0
   465     1     3     1     6     8     2     4     1     0     1     1     0     3     0     1   694     0
   466     1     3     1     6     8     2     4     0     0     0     0     1     1     1     0   712     0
   467     1     1     2     2     4     6     8     0     0     0     1     0     2     0     0   621     0
   468     1     2     2     4     6     8     2     0     1     1     1     0     2     0     1   574     0
   469     2     5     0     1     3     5     7     1     0     1     0     1     3     1     1   532     0
   470     2     5     0     1     3     5     7     1     0     1     1     0     1     0     0   442     0
   471     1     1     2     2     4     6     8     1     0     0     1     1     3     0     0   475     0
   472     1     1     2     2     4     6     8     0     1     1     1     0     1     1     1   606     0
   473     2     6     2     3     5     7     1     0     1     0     1     0     3     0     0   606     1
   474     1     1     2     2     4     6     8     1     0     0     1     0     3     1     1   529     0
   475     2     5     0     1     3     5     7     0     1     1     0     1     3     1     1   539     0
   476     2     5     0     1     3     5     7     1     0     0     0     1     1     1     1   439     0
   477     2     7     0     5     7     1     3     1     1     1     0     1     2     0     1   403     0
   478     2     5     0     1     3     5     7     1     1     1     0     1     2     0     0   608     0
   479     1     4     1     8     2     4     6     1     1     0     0     0     3     0     0   937     0
   480     1     4     1     8     2     4     6     0     0     1     0     1     1     1     1   579     0
   481     1     3     1     6     8     2     4     0     1     0     0     1     2     0     1   606     0
   482     2     6     2     3     5     7     1     0     1     0     0     1     3     0     0   500     0
   483     1     2     2     4     6     8     2     1     0     1     1     1     3     1     1   617     0
   484     1     3     1     6     8     2     4     1     0     0     0     1     2     0     0   740     0
   485     2     8     1     7     1     3     5     1     0     1     0     1     3     0     0   568     0
   486     2     8     1     7     1     3     5     1     1     1     0     1     1     0     1   571     0
   487     2     5     0     1     3     5     7     1     0     0     1     0     2     0     1   646     0
   488     2     6     2     3     5     7     1     0     0     0     0     0     2     1     0   602     0
   489     2     5     0     1     3     5     7     0     0     0     0     1     2     0     0   668     0
   490     2     5     0     1     3     5     7     1     0     1     0     0     1     1     0   663     0
   491     2     7     0     5     7     1     3     0     1     0     1     0     2     1     1   759     0
   492     2     7     0     5     7     1     3     1     1     1     1     1     1     1     0   618     0
   493     1     1     2     2     4     6     8     0     0     0     0     0     3     1     1   637     0
   494     1     4     1     8     2     4     6     0     1     0     0     0     2     0     1   622     0
   495     1     2     2     4     6     8     2     0     0     0     0     1     2     0     1   848     0
   496     1     2     2     4     6     8     2     1     1     0     1     0     1     1     1   535     0
   497     1     2     2     4     6     8     2     1     0     0     1     0     1     0     1   607     0
   498     1     2     2     4     6     8     2     1     1     0     0     1     1     0     1   611     0
   499     1     1     2     2     4     6     8     1     1     0     1     0     2     0     0   518     1
   500     1     1     2     2     4     6     8     0     0     1     0     0     1     1     1   766     0
   501     2     8     1     7     1     3     5     0     0     0     1     0     3     0     0   517     0
   502     2     8     1     7     1     3     5     0     0     0     1     0     1     0     0   514     0
   503     1     2     2     4     6     8     2     1     0     1     1     0     3     1     0   478     0
   504     1     2     2     4     6     8     2     1     1     0     1     0     1     0     1   602     0
   505     1     1     2     2     4     6     8     0     1     1     1     0     2     1     0   553     0
   506     1     1     2     2     4     6     8     1     0     0     0     1     1     1     1   787     0
   507     2     6     2     3     5     7     1     0     0     1     0     0     3     1     0   517     0
   508     2     5     0     1     3     5     7     0     0     0     0     1     2     0     0   508     0
   509     2     5     0     1     3     5     7     1     1     1     0     0     1     1     1   563     0
   510     2     6     2     3     5     7     1     0     1     1     0     1     2     1     0   558     0
   511     2     8     1     7     1     3     5     0     1     1     1     0     2     0     0   726     0
   512     2     8     1     7     1     3     5     1     0     0     0     0     1     1     1   549     0
   513     1     1     2     2     4     6     8     0     0     1     1     1     3     1     0   599     0
   514     1     1     2     2     4     6     8     0     0     0     0     1     1     0     0   597     0
   515     1     3     1     6     8     2     4     0     0     1     0     0     2     0     0   678     0
   516     1     3     1     6     8     2     4     1     0     0     1     0     1     1     0   612     0
   517     1     1     2     2     4     6     8     0     1     0     0     1     2     1     1   669     0
   518     1     1     2     2     4     6     8     0     0     1     0     1     1     0     1   521     0
   519     1     3     1     6     8     2     4     1     0     0     1     0     2     1     0   564     0
   520     1     3     1     6     8     2     4     0     1     0     1     1     1     1     1   524     0
   521     2     6     2     3     5     7     1     0     0     0     1     1     3     0     1   455     0
   522     2     6     2     3     5     7     1     0     1     1     1     1     1     0     1   619     0
   523     2     8     1     7     1     3     5     1     1     1     0     0     2     1     0   585     1
   524     2     8     1     7     1     3     5     1     0     1     0     0     1     0     1   524     0
   525     2     5     0     1     3     5     7     0     0     0     0     1     2     1     0   661     1
   526     2     6     2     3     5     7     1     0     1     0     0     0     2     0     1   632     0
   527     2     7     0     5     7     1     3     0     1     0     1     0     2     0     0   675     0
   528     2     5     0     1     3     5     7     1     0     0     1     0     2     1     1   690     0
   529     1     4     1     8     2     4     6     0     1     0     0     1     3     1     1   780     0
   530     1     4     1     8     2     4     6     1     0     0     1     1     1     1     1   524     0
   531     2     6     2     3     5     7     1     1     0     1     0     0     3     0     0   501     0
   532     1     1     2     2     4     6     8     1     1     0     1     1     3     0     1   462     0
   533     1     1     2     2     4     6     8     1     1     0     0     1     1     0     0   416     0
   534     1     3     1     6     8     2     4     0     1     1     0     1     2     1     0   627     0
   535     2     5     0     1     3     5     7     1     0     1     0     0     3     1     1   633     0
   536     2     5     0     1     3     5     7     1     0     1     1     0     1     0     0   546     0
   537     2     7     0     5     7     1     3     0     0     0     1     1     2     1     0   655     0
   538     2     7     0     5     7     1     3     0     0     1     1     0     1     0     0   449     0
   539     2     8     1     7     1     3     5     0     1     1     0     0     2     0     1   531     0
   540     2     8     1     7     1     3     5     1     1     0     1     1     1     1     0   549     0
   541     1     2     2     4     6     8     2     0     1     1     0     1     3     1     0   538     0
   542     1     2     2     4     6     8     2     1     0     0     0     0     1     1     1   572     0
   543     1     1     2     2     4     6     8     0     1     0     1     0     2     1     1   807     1
   544     1     2     2     4     6     8     2     0     1     0     1     0     2     0     0   818     0
   545     2     6     2     3     5     7     1     1     1     1     0     0     3     1     0   577     0
   546     2     6     2     3     5     7     1     0     0     0     0     0     1     1     1   505     0
   547     2     5     0     1     3     5     7     1     1     1     0     0     2     1     1   641     0
   548     1     4     1     8     2     4     6     1     1     1     0     1     3     0     0   619     0
   549     2     6     2     3     5     7     1     0     0     0     1     0     3     1     1   436     0
   550     2     6     2     3     5     7     1     1     0     0     0     1     1     1     0   473     0
   551     1     3     1     6     8     2     4     0     0     0     1     1     3     1     0   697     0
   552     1     3     1     6     8     2     4     0     1     1     1     1     1     0     1   695     0
   553     1     3     1     6     8     2     4     0     1     0     1     0     1     0     0   673     1
   554     1     3     1     6     8     2     4     1     1     1     1     1     1     1     0   530     0
   555     1     2     2     4     6     8     2     1     1     0     0     0     2     0     0   806     0
   556     2     7     0     5     7     1     3     1     0     0     1     1     3     0     1   533     0
   557     2     7     0     5     7     1     3     1     1     1     0     0     1     0     1   503     0
   558     2     7     0     5     7     1     3     0     0     1     0     1     1     1     1   711     0
   559     2     8     1     7     1     3     5     0     1     1     0     1     2     0     1   649     0
   560     2     8     1     7     1     3     5     0     0     1     1     0     1     0     1   642     0
   561     1     4     1     8     2     4     6     1     1     1     1     0     3     1     1   896     0
   562     1     2     2     4     6     8     2     1     1     0     0     0     2     0     0   691     0
   563     1     3     1     6     8     2     4     1     1     1     1     1     2     0     0   453     0
   564     1     3     1     6     8     2     4     0     1     0     1     1     1     1     0   739     0
   565     2     6     2     3     5     7     1     1     1     0     1     1     3     1     0   539     0
   566     2     6     2     3     5     7     1     1     1     1     1     0     1     0     0   470     0
   567     1     3     1     6     8     2     4     1     0     1     1     1     3     0     1   506     1
   568     1     3     1     6     8     2     4     1     0     0     0     1     1     0     0   755     0
   569     1     1     2     2     4     6     8     1     0     1     1     0     2     0     0   521     0
   570     1     1     2     2     4     6     8     0     1     0     0     1     1     1     1   798     0
   571     2     7     0     5     7     1     3     0     1     0     0     0     3     0     0   748     0
   572     2     5     0     1     3     5     7     1     0     0     1     0     2     1     1   560     0
   573     2     7     0     5     7     1     3     0     1     0     0     1     2     1     1   798     0
   574     2     7     0     5     7     1     3     0     0     1     0     1     1     0     1   563     0
   575     1     2     2     4     6     8     2     1     0     0     1     0     3     1     0   581     0
   576     2     5     0     1     3     5     7     1     1     0     0     1     3     0     1   530     0
   577     2     8     1     7     1     3     5     1     1     0     0     1     2     0     0   638     0
   578     2     5     0     1     3     5     7     0     1     1     0     0     2     1     0   622     0
   579     1     1     2     2     4     6     8     0     1     0     1     1     3     0     0   672     0
   580     1     1     2     2     4     6     8     0     0     1     0     0     1     0     1   637     1
   581     2     8     1     7     1     3     5     0     0     1     1     1     3     0     0   765     0
   582     2     8     1     7     1     3     5     1     1     1     0     0     1     1     1   680     0
   583     1     1     2     2     4     6     8     0     0     1     1     1     3     1     1   638     0
   584     1     1     2     2     4     6     8     0     0     0     0     0     1     0     0   978     0
   585     2     7     0     5     7     1     3     0     0     0     0     1     3     0     0   533     0
   586     1     4     1     8     2     4     6     0     0     0     0     1     3     0     0   491     0
   587     2     8     1     7     1     3     5     1     0     0     1     1     3     1     0   476     0
   588     2     5     0     1     3     5     7     0     1     1     1     1     2     1     1   535     0
   589     1     3     1     6     8     2     4     0     1     1     1     0     3     0     0   689     0
   590     1     3     1     6     8     2     4     0     0     1     1     1     1     0     1   592     0
   591     2     8     1     7     1     3     5     0     0     0     0     0     3     0     0   501     0
   592     2     6     2     3     5     7     1     1     0     1     0     1     2     1     0   570     0
   593     1     4     1     8     2     4     6     1     0     0     1     0     3     0     0   509     0
   594     1     1     2     2     4     6     8     0     0     1     0     0     2     1     0   504     0
   595     2     7     0     5     7     1     3     1     0     1     1     1     3     1     0   590     0
   596     1     4     1     8     2     4     6     0     1     1     0     0     3     1     1   592     0
   597     2     5     0     1     3     5     7     0     1     0     1     1     3     0     0   666     0
   598     2     5     0     1     3     5     7     1     0     1     1     1     1     1     1   659     0
   599     1     4     1     8     2     4     6     0     0     0     0     1     3     1     0   508     0
   600     1     1     2     2     4     6     8     0     0     1     1     1     2     0     0   653     0
   601     2     8     1     7     1     3     5     0     1     0     1     0     3     0     1   640     0
   602     2     8     1     7     1     3     5     1     0     0     0     0     1     1     1   490     0
   603     1     1     2     2     4     6     8     0     1     1     1     0     3     1     1   562     0
   604     1     3     1     6     8     2     4     1     0     0     0     1     2     1     1   596     0
   605     1     3     1     6     8     2     4     0     0     1     1     1     1     1     0   549     0
   606     2     6     2     3     5     7     1     1     1     1     0     0     3     1     1   533     0
   607     2     8     1     7     1     3     5     1     0     1     0     0     2     0     1   512     0
   608     2     8     1     7     1     3     5     0     0     1     1     1     1     1     0   713     0
   609     2     5     0     1     3     5     7     1     1     1     0     1     2     1     1   717     0
   610     2     8     1     7     1     3     5     0     1     1     1     1     2     1     0   665     0
   611     1     4     1     8     2     4     6     1     1     1     0     0     3     1     0   733     0
   612     2     5     0     1     3     5     7     0     0     1     1     1     3     1     1   598     0
   613     1     3     1     6     8     2     4     1     1     1     0     1     3     1     1   659     0
   614     1     3     1     6     8     2     4     1     0     1     1     0     1     0     1   655     0
   615     1     4     1     8     2     4     6     0     1     0     1     1     2     1     1  1169     0
   616     1     4     1     8     2     4     6     0     0     0     0     0     1     0     1   603     0
   617     1     3     1     6     8     2     4     0     1     0     1     1     2     0     1   651     0
   618     1     3     1     6     8     2     4     0     0     0     1     0     1     0     1   504     0
   619     1     2     2     4     6     8     2     0     0     1     0     1     2     0     0   426     0
   620     1     2     2     4     6     8     2     1     0     1     0     0     1     1     0   559     0
   621     2     5     0     1     3     5     7     0     1     0     0     1     3     1     1   576     0
   622     2     8     1     7     1     3     5     1     1     1     0     0     2     1     0   780     0
   623     2     6     2     3     5     7     1     0     0     0     1     1     2     1     1   619     0
   624     2     7     0     5     7     1     3     0     0     1     0     1     2     0     0   591     0
   625     1     2     2     4     6     8     2     1     1     1     0     0     3     1     1   705     0
   626     1     4     1     8     2     4     6     0     0     0     0     1     2     1     1   589     0
   627     2     8     1     7     1     3     5     0     0     1     0     0     3     0     0   629     0
   628     2     8     1     7     1     3     5     1     1     0     1     1     1     1     1   682     0
   629     1     3     1     6     8     2     4     1     1     0     1     0     3     0     0   831     0
   630     1     2     2     4     6     8     2     1     0     0     1     0     2     0     1   768     0
   631     2     8     1     7     1     3     5     0     1     0     1     1     3     1     1   630     0
   632     2     8     1     7     1     3     5     0     0     0     0     0     1     0     1   539     0
   633     2     6     2     3     5     7     1     1     0     1     1     0     2     1     0   490     0
   634     2     5     0     1     3     5     7     0     1     1     0     0     2     1     1   622     0
   635     1     3     1     6     8     2     4     0     1     1     1     1     3     0     0   629     0
   636     1     3     1     6     8     2     4     1     0     0     0     1     1     1     1   692     0
   637     1     4     1     8     2     4     6     0     0     1     0     0     2     1     0   554     0
   638     1     1     2     2     4     6     8     1     1     0     1     1     2     1     1   612     0
   639     2     7     0     5     7     1     3     0     0     0     0     0     3     1     1   906     0
   640     2     8     1     7     1     3     5     1     0     0     0     0     2     1     0   572     0
   641     1     3     1     6     8     2     4     1     1     0     1     0     3     0     1   593     0
   642     1     1     2     2     4     6     8     1     0     1     1     1     2     0     1   521     0
   643     1     4     1     8     2     4     6     1     0     0     1     1     2     0     0   563     0
   644     1     2     2     4     6     8     2     1     0     1     0     0     2     0     0   613     0
   645     2     5     0     1     3     5     7     0     1     0     1     1     3     1     1   659     0
   646     2     5     0     1     3     5     7     0     1     1     1     0     1     0     0   624     0
   647     2     5     0     1     3     5     7     0     0     0     1     0     1     0     1   543     0
   648     2     7     0     5     7     1     3     0     0     1     1     1     2     0     0   544     0
   649     2     5     0     1     3     5     7     1     0     0     1     1     2     1     0   495     0
   650     2     5     0     1     3     5     7     1     1     1     0     0     1     0     1   651     0
   651     2     7     0     5     7     1     3     0     1     0     1     0     2     1     0   825     0
   652     1     2     2     4     6     8     2     0     0     1     0     0     3     0     1   551     0
   653     2     6     2     3     5     7     1     1     0     0     1     0     3     1     0   436     0
   654     2     7     0     5     7     1     3     0     1     0     0     0     2     1     1   640     0
   655     1     2     2     4     6     8     2     1     1     0     1     0     3     1     0   589     0
   656     1     1     2     2     4     6     8     1     1     1     1     0     2     0     0   557     0
   657     2     8     1     7     1     3     5     0     0     0     1     1     3     1     1   795     0
   658     1     3     1     6     8     2     4     1     0     0     1     1     3     1     0   584     0
   659     1     2     2     4     6     8     2     0     0     0     0     0     2     1     0   482     0
   660     1     2     2     4     6     8     2     0     1     0     1     1     1     0     1   465     0
   661     2     5     0     1     3     5     7     0     1     1     0     0     3     0     0   541     0
   662     1     4     1     8     2     4     6     1     0     0     1     0     3     1     1   608     0
   663     2     5     0     1     3     5     7     0     0     0     0     0     3     1     0   664     0
   664     2     5     0     1     3     5     7     0     0     0     1     0     1     0     0   476     0
   665     1     1     2     2     4     6     8     0     0     1     1     0     3     0     0   466     0
   666     1     1     2     2     4     6     8     0     1     0     1     1     1     0     1   601     0
   667     1     2     2     4     6     8     2     0     0     0     0     0     2     0     1   669     0
   668     1     2     2     4     6     8     2     1     1     1     1     0     1     1     1   682     0
   669     1     4     1     8     2     4     6     0     0     1     1     0     2     1     1   640     1
   670     1     4     1     8     2     4     6     1     0     1     1     1     1     1     0   654     0
   671     2     8     1     7     1     3     5     1     1     1     1     0     3     0     1   467     0
   672     2     8     1     7     1     3     5     0     0     0     1     1     1     1     1   533     0
   673     1     2     2     4     6     8     2     1     1     1     1     0     3     1     1   592     0
   674     2     7     0     5     7     1     3     0     1     0     1     0     3     1     0   738     0
   675     1     3     1     6     8     2     4     0     0     0     0     0     3     0     1   576     0
   676     1     3     1     6     8     2     4     0     1     1     1     0     1     0     1   489     0
   677     2     7     0     5     7     1     3     0     0     0     1     0     3     0     1   491     0
   678     2     8     1     7     1     3     5     1     1     1     0     0     2     1     1   783     0
   679     2     6     2     3     5     7     1     1     1     1     0     0     2     0     0   407     1
   680     2     6     2     3     5     7     1     0     0     1     1     1     1     1     1   777     0
   681     2     8     1     7     1     3     5     0     1     0     0     0     2     0     1   557     0
   682     2     5     0     1     3     5     7     1     0     1     0     1     2     1     1   618     0
   683     2     5     0     1     3     5     7     0     0     1     0     0     1     1     0   520     0
   684     2     5     0     1     3     5     7     0     0     0     0     0     1     0     0   517     0
   685     1     2     2     4     6     8     2     1     0     1     0     0     3     1     0   471     0
   686     1     2     2     4     6     8     2     0     0     0     0     0     1     1     0   495     0
   687     1     2     2     4     6     8     2     1     1     1     0     1     1     1     1   534     0
   688     1     2     2     4     6     8     2     0     0     1     1     0     1     1     1   515     0
   689     2     8     1     7     1     3     5     1     1     1     1     0     3     1     1   676     0
   690     2     5     0     1     3     5     7     1     0     1     1     1     2     0     1   461     0
   691     2     8     1     7     1     3     5     0     1     1     0     1     2     1     1   573     0
   692     2     5     0     1     3     5     7     1     0     1     0     0     2     1     1   486     0
   693     2     5     0     1     3     5     7     0     0     0     0     0     1     1     0   540     0
   694     2     5     0     1     3     5     7     1     0     1     0     1     1     1     0   612     0
   695     1     3     1     6     8     2     4     0     0     1     0     0     3     1     0   604     0
   696     1     3     1     6     8     2     4     1     0     0     0     0     1     1     0   527     0
   697     1     4     1     8     2     4     6     0     1     0     1     1     2     1     1   802     0
   698     1     4     1     8     2     4     6     0     1     0     0     1     1     0     0   548     0
   699     1     4     1     8     2     4     6     1     1     0     1     1     1     1     0   487     0
   700     2     7     0     5     7     1     3     0     1     1     1     0     3     1     0   602     0
   701     1     4     1     8     2     4     6     0     0     1     0     0     3     0     1   685     0
   702     1     4     1     8     2     4     6     1     0     1     1     0     1     1     0   638     0
   703     1     1     2     2     4     6     8     0     1     1     1     0     2     1     1   758     0
   704     2     6     2     3     5     7     1     1     1     0     0     1     3     1     0   523     0
   705     1     3     1     6     8     2     4     0     1     0     0     0     3     1     0   750     0
   706     1     2     2     4     6     8     2     0     0     1     0     1     2     0     1   503     1
   707     2     7     0     5     7     1     3     0     0     0     0     1     3     0     0   522     0
   708     2     7     0     5     7     1     3     0     0     0     1     1     1     0     0   604     0
   709     1     4     1     8     2     4     6     0     1     0     1     1     3     0     1   519     0
   710     1     3     1     6     8     2     4     1     0     0     1     0     2     1     1   715     0
   711     1     4     1     8     2     4     6     0     1     0     0     0     2     1     1   592     0
   712     1     4     1     8     2     4     6     0     1     0     0     0     1     0     0   555     0
   713     1     3     1     6     8     2     4     1     1     0     0     0     2     1     0   811     0
   714     1     3     1     6     8     2     4     0     1     0     1     0     1     1     0   862     0
   715     1     1     2     2     4     6     8     0     0     0     0     1     2     0     1   635     0
   716     1     1     2     2     4     6     8     0     1     1     1     1     1     0     1   661     0
   717     2     7     0     5     7     1     3     0     1     1     0     0     3     0     0   817     0
   718     2     7     0     5     7     1     3     0     0     0     1     1     1     0     1   518     0
   719     1     1     2     2     4     6     8     0     0     0     0     0     3     0     0   548     0
   720     1     1     2     2     4     6     8     1     0     0     0     0     1     1     0   876     1
   721     1     2     2     4     6     8     2     1     0     0     0     1     2     0     0   627     0
   722     1     1     2     2     4     6     8     0     1     1     1     0     2     1     1   668     0
   723     1     3     1     6     8     2     4     1     1     0     0     1     2     1     0   597     0
   724     1     4     1     8     2     4     6     1     0     0     1     1     2     0     1   626     0
   725     2     5     0     1     3     5     7     0     0     1     1     1     3     1     0   742     0
   726     1     4     1     8     2     4     6     1     0     0     0     1     3     1     0   566     0
   727     1     1     2     2     4     6     8     1     0     0     0     0     2     0     0   488     0
   728     2     8     1     7     1     3     5     1     0     1     1     0     3     0     0   517     0
   729     2     7     0     5     7     1     3     0     1     1     0     0     2     1     1   592     0
   730     2     7     0     5     7     1     3     0     1     0     1     1     1     0     0   524     0
   731     2     8     1     7     1     3     5     1     0     0     0     0     2     1     1   577     0
   732     2     8     1     7     1     3     5     1     1     0     0     0     1     0     1   631     0
   733     1     3     1     6     8     2     4     0     0     0     0     1     3     1     1   696     0
   734     2     6     2     3     5     7     1     1     1     0     0     1     3     1     1   625     0
   735     1     2     2     4     6     8     2     1     1     0     1     0     3     0     0   675     0
   736     1     4     1     8     2     4     6     0     0     1     0     1     2     1     1   736     1
   737     1     2     2     4     6     8     2     1     1     1     1     1     2     1     1   592     0
   738     2     5     0     1     3     5     7     1     0     0     1     1     3     0     1   498     0
   739     1     4     1     8     2     4     6     1     0     1     1     0     3     0     0   521     0
   740     2     5     0     1     3     5     7     0     0     0     0     1     3     1     0   542     0
   741     2     7     0     5     7     1     3     0     1     0     1     1     2     0     1   637     0
   742     1     4     1     8     2     4     6     0     1     1     1     1     3     0     0   531     0
   743     2     7     0     5     7     1     3     1     1     1     1     0     3     1     0   532     0
   744     2     7     0     5     7     1     3     0     0     1     0     1     1     1     1   641     1
   745     1     2     2     4     6     8     2     1     1     1     0     1     3     1     1   551     0
   746     1     2     2     4     6     8     2     1     1     0     0     1     1     0     0   464     0
   747     1     3     1     6     8     2     4     0     0     1     0     1     2     1     1   708     0
   748     1     3     1     6     8     2     4     0     0     1     1     0     1     0     0   514     0
   749     2     6     2     3     5     7     1     1     1     1     0     1     3     1     1   607     0
   750     2     6     2     3     5     7     1     1     1     1     0     1     1     0     0   492     0
   751     2     8     1     7     1     3     5     0     0     0     1     1     2     1     1   544     0
   752     2     7     0     5     7     1     3     0     0     0     1     0     2     0     0   786     0
   753     2     6     2     3     5     7     1     0     0     1     0     1     2     0     0   470     0
   754     2     5     0     1     3     5     7     1     1     0     1     1     2     1     1   729     0
   755     1     3     1     6     8     2     4     0     1     0     0     0     3     1     0   750     1
   756     1     3     1     6     8     2     4     1     0     0     1     1     1     1     1   910     1
   757     1     3     1     6     8     2     4     1     0     1     1     0     1     0     0   456     0
   758     1     1     2     2     4     6     8     0     0     0     0     1     2     1     0   630     0
   759     2     5     0     1     3     5     7     1     0     0     0     0     3     1     0   650     0
   760     2     6     2     3     5     7     1     0     1     1     1     0     2     1     1   629     0
   761     2     6     2     3     5     7     1     0     0     1     1     0     1     0     1   556     0
   762     2     6     2     3     5     7     1     0     0     0     0     1     1     0     0   508     0
   763     1     3     1     6     8     2     4     1     1     0     1     0     3     1     1   561     0
   764     1     3     1     6     8     2     4     1     1     1     1     1     1     0     0   501     0
   765     1     1     2     2     4     6     8     1     1     0     0     0     2     0     0   564     0
   766     1     3     1     6     8     2     4     0     0     1     1     0     2     1     1   569     0
   767     1     4     1     8     2     4     6     0     1     1     0     0     2     0     1   636     0
   768     1     3     1     6     8     2     4     1     1     0     0     1     2     1     0   646     0
   769     1     2     2     4     6     8     2     1     0     0     1     1     2     0     1   557     0
   770     1     2     2     4     6     8     2     1     0     1     1     0     1     0     0   487     0
   771     1     3     1     6     8     2     4     1     0     0     0     1     2     0     0   467     0
   772     1     3     1     6     8     2     4     0     0     1     0     1     1     1     0   571     0
   773     1     2     2     4     6     8     2     1     0     1     1     0     2     1     0   678     0
   774     1     3     1     6     8     2     4     0     0     0     0     1     2     1     0   631     0
   775     1     1     2     2     4     6     8     0     1     0     0     0     2     0     1   710     0
   776     1     1     2     2     4     6     8     1     0     0     0     1     1     1     1   519     0
   777     2     7     0     5     7     1     3     1     1     1     0     0     3     0     1   706     0
   778     2     7     0     5     7     1     3     1     1     1     0     0     1     0     0   613     0
   779     1     2     2     4     6     8     2     1     0     1     0     0     3     0     1   470     0
   780     1     4     1     8     2     4     6     0     0     1     1     0     2     1     0   749     1
   781     2     5     0     1     3     5     7     1     1     1     0     1     3     1     1   684     0
   782     2     5     0     1     3     5     7     0     0     1     1     0     1     1     1   649     0
   783     1     3     1     6     8     2     4     1     1     1     1     0     3     1     1   662     0
   784     2     8     1     7     1     3     5     0     1     1     0     0     3     1     0   991     0
   785     1     4     1     8     2     4     6     1     1     0     0     1     3     1     0   600     0
   786     2     7     0     5     7     1     3     1     0     0     1     1     3     0     1   572     1
   787     2     7     0     5     7     1     3     0     1     1     1     0     1     1     1   871     0
   788     2     8     1     7     1     3     5     0     1     0     1     0     2     0     0   619     0
   789     2     8     1     7     1     3     5     0     0     0     0     0     1     0     1   517     0
   790     2     7     0     5     7     1     3     1     0     1     0     0     2     1     0   637     0
   791     2     6     2     3     5     7     1     0     0     1     0     0     2     1     0   570     0
   792     2     6     2     3     5     7     1     1     1     1     0     1     1     1     1   600     0
   793     1     4     1     8     2     4     6     0     1     0     1     0     3     1     0   613     0
   794     1     4     1     8     2     4     6     0     0     0     0     0     1     0     1   480     0
   795     1     4     1     8     2     4     6     0     0     1     1     0     1     0     0   537     0
   796     1     4     1     8     2     4     6     0     0     1     0     0     1     0     0   482     0
   797     1     3     1     6     8     2     4     1     1     0     1     0     2     1     1   803     0
   798     1     3     1     6     8     2     4     0     1     1     1     1     1     1     0   578     0
   799     2     8     1     7     1     3     5     1     0     1     0     0     3     1     1   526     0
   800     2     5     0     1     3     5     7     0     1     0     0     1     2     1     1   613     0
   801     2     6     2     3     5     7     1     1     1     0     1     0     2     1     0   631     0
   802     2     6     2     3     5     7     1     1     0     1     0     0     1     0     1   525     0
   803     1     1     2     2     4     6     8     1     0     0     1     0     3     0     0   565     0
   804     2     6     2     3     5     7     1     1     1     0     0     0     3     0     1   701     0
   805     2     8     1     7     1     3     5     1     0     0     0     1     2     0     1   453     0
   806     2     8     1     7     1     3     5     1     1     0     0     0     1     0     1   692     0
   807     2     6     2     3     5     7     1     0     0     0     0     0     2     1     1   491     0
   808     2     8     1     7     1     3     5     0     0     1     0     1     2     0     0   546     0
   809     1     1     2     2     4     6     8     0     1     0     0     1     3     0     1   628     0
   810     1     2     2     4     6     8     2     0     1     1     0     0     2     0     0  1070     0
   811     2     5     0     1     3     5     7     1     0     0     0     0     3     1     1   828     0
   812     1     2     2     4     6     8     2     1     0     0     1     1     3     0     0   481     0
   813     2     5     0     1     3     5     7     1     1     1     1     1     3     0     1  1037     0
   814     2     7     0     5     7     1     3     0     1     0     1     0     2     1     0   749     0
   815     2     5     0     1     3     5     7     1     1     0     0     0     2     1     0   962     0
   816     2     5     0     1     3     5     7     0     0     1     0     1     1     1     1   638     0
   817     1     4     1     8     2     4     6     1     1     1     1     0     3     1     1   580     0
   818     1     4     1     8     2     4     6     0     0     1     0     1     1     1     1   674     0
   819     1     2     2     4     6     8     2     1     1     0     1     1     2     1     1   565     0
   820     1     2     2     4     6     8     2     0     0     0     0     1     1     1     1   628     0
   821     1     1     2     2     4     6     8     0     0     0     0     0     2     0     0   536     0
   822     1     3     1     6     8     2     4     0     0     0     1     1     2     0     0   732     0
   823     2     7     0     5     7     1     3     1     1     0     0     0     3     1     1   575     0
   824     2     7     0     5     7     1     3     1     1     1     0     0     1     0     0   517     0
   825     2     7     0     5     7     1     3     1     1     0     0     0     1     0     0   459     0
   826     2     7     0     5     7     1     3     0     1     1     1     0     1     1     0   607     0
   827     1     3     1     6     8     2     4     0     1     0     0     0     3     0     0   586     0
   828     1     3     1     6     8     2     4     0     0     0     1     1     1     0     1   537     0
   829     1     1     2     2     4     6     8     1     0     0     0     0     2     1     0   915     1
   830     1     2     2     4     6     8     2     1     1     0     1     1     2     0     1   494     0
   831     1     4     1     8     2     4     6     1     1     0     1     1     2     0     0   505     0
   832     1     3     1     6     8     2     4     1     1     1     1     0     2     0     0   473     0
   833     2     8     1     7     1     3     5     1     0     1     0     1     3     0     1   628     0
   834     2     8     1     7     1     3     5     1     0     1     1     0     1     0     0   579     0
   835     2     6     2     3     5     7     1     0     1     0     0     0     2     1     1   672     0
   836     1     1     2     2     4     6     8     0     1     0     1     0     3     0     0   632     0
   837     1     4     1     8     2     4     6     0     1     1     1     1     2     0     0   524     0
   838     1     4     1     8     2     4     6     0     0     1     0     1     1     0     1   561     0
   839     2     8     1     7     1     3     5     0     0     0     1     0     3     0     0   525     0
   840     2     6     2     3     5     7     1     0     1     1     1     1     2     0     1   488     0
   841     1     4     1     8     2     4     6     1     1     0     0     1     3     1     0   546     0
   842     1     4     1     8     2     4     6     0     1     0     1     0     1     1     0   549     0
   843     2     8     1     7     1     3     5     0     0     0     0     1     3     0     1   759     0
   844     1     3     1     6     8     2     4     0     1     0     1     1     3     0     1   692     0
   845     2     8     1     7     1     3     5     0     1     1     1     1     3     0     0   461     0
   846     1     1     2     2     4     6     8     0     0     1     1     0     3     0     1   700     1
   847     2     6     2     3     5     7     1     0     1     0     0     1     3     0     1   514     0
   848     2     6     2     3     5     7     1     1     1     1     0     0     1     1     0   776     0
   849     2     5     0     1     3     5     7     1     1     1     1     1     2     0     0   603     0
   850     2     7     0     5     7     1     3     0     1     0     1     1     2     1     0   620     0
   851     2     6     2     3     5     7     1     0     1     1     0     1     2     0     0   559     0
   852     2     6     2     3     5     7     1     1     0     1     0     1     1     1     1   884     0
   853     2     6     2     3     5     7     1     0     1     1     1     1     1     1     1   514     0
   854     2     6     2     3     5     7     1     1     0     0     0     1     1     1     1   525     0
   855     1     2     2     4     6     8     2     0     0     1     1     0     3     1     0   692     1
   856     1     3     1     6     8     2     4     1     0     1     0     1     2     1     0   820     0
   857     1     3     1     6     8     2     4     1     1     1     1     1     1     0     1   605     0
   858     2     8     1     7     1     3     5     0     1     0     0     1     3     1     0   733     0
   859     1     1     2     2     4     6     8     1     0     0     1     1     3     1     1   547     0
   860     1     1     2     2     4     6     8     1     0     0     0     0     1     0     0   598     0
   861     1     4     1     8     2     4     6     0     1     1     1     1     2     1     1   707     0
   862     2     7     0     5     7     1     3     0     0     0     1     0     3     0     1  1500     2
   863     1     4     1     8     2     4     6     1     0     1     0     1     3     1     0   736     0
   864     1     4     1     8     2     4     6     0     0     1     1     1     1     1     0   658     0
   865     2     8     1     7     1     3     5     1     1     0     0     0     3     1     1   544     0
   866     2     8     1     7     1     3     5     1     1     1     1     0     1     0     0   478     0
   867     2     5     0     1     3     5     7     0     1     1     0     1     2     1     0   881     0
   868     2     8     1     7     1     3     5     1     1     1     1     1     2     1     0   505     0
   869     1     3     1     6     8     2     4     0     0     0     1     1     3     1     1   561     0
   870     2     8     1     7     1     3     5     0     0     1     0     0     3     0     0   545     0
   871     2     6     2     3     5     7     1     0     0     1     1     0     2     0     0   542     0
   872     1     3     1     6     8     2     4     1     0     0     0     1     3     1     0   697     0
   873     2     8     1     7     1     3     5     0     0     1     1     1     3     1     0   647     1
   874     1     3     1     6     8     2     4     1     0     1     1     1     3     1     0   754     0
   875     2     8     1     7     1     3     5     0     0     0     0     0     3     1     0   596     0
   876     2     8     1     7     1     3     5     0     1     1     1     1     1     0     1   561     0
   877     2     7     0     5     7     1     3     0     0     1     1     1     2     0     1   476     0
   878     2     7     0     5     7     1     3     0     1     0     0     0     1     0     1   598     0
   879     1     4     1     8     2     4     6     1     0     0     1     0     3     1     1   489     0
   880     1     4     1     8     2     4     6     1     1     0     0     1     1     0     1   511     0
   881     2     7     0     5     7     1     3     0     0     0     1     1     3     1     1   837     0
   882     1     2     2     4     6     8     2     0     1     0     0     1     3     0     1   567     0
   883     2     6     2     3     5     7     1     1     0     1     1     1     3     1     1   711     0
   884     2     6     2     3     5     7     1     1     1     1     0     0     1     0     1   512     0
   885     2     7     0     5     7     1     3     0     1     1     1     1     2     1     0   688     0
   886     2     7     0     5     7     1     3     0     0     1     1     1     1     0     1   616     0
   887     2     6     2     3     5     7     1     0     1     1     0     1     2     0     1   617     0
   888     2     7     0     5     7     1     3     0     1     0     0     1     2     0     0   718     0
   889     2     8     1     7     1     3     5     1     0     1     0     1     2     1     1   679     0
   890     2     6     2     3     5     7     1     0     1     1     0     0     2     1     1   541     0
   891     2     5     0     1     3     5     7     1     1     0     0     1     2     1     0   610     0
   892     2     6     2     3     5     7     1     1     1     1     1     1     2     0     0   540     0
   893     2     8     1     7     1     3     5     0     1     0     0     0     2     1     0   776     0
   894     1     1     2     2     4     6     8     1     1     0     0     0     3     1     0   650     0
   895     1     1     2     2     4     6     8     1     0     0     1     0     1     0     1   600     0
   896     1     2     2     4     6     8     2     1     1     0     0     1     2     0     1   650     0
