     1     2     8     1     7     1     3     5     0     0     1     1     1     3     0     0   200     0
     2     2     5     0     1     3     5     7     0     1     1     0     0     2     0     1   693     0
     3     1     3     1     6     8     2     4     0     0     0     1     0     3     0     1   809     0
     4     1     4     1     8     2     4     6     1     0     0     1     0     2     1     0   728     0
     5     2     8     1     7     1     3     5     0     1     0     1     1     3     1     1   655     0
     6     2     5     0     1     3     5     7     1     1     1     0     0     2     1     0   751     0
     7     2     8     1     7     1     3     5     0     1     0     0     1     2     1     0   634     0
     8     2     8     1     7     1     3     5     1     0     0     1     1     1     1     1   812     0
     9     2     6     2     3     5     7     1     1     0     1     0     1     2     0     0   624     0
    10     2     6     2     3     5     7     1     0     0     0     0     1     1     1     0   510     0
    11     2     7     0     5     7     1     3     1     0     0     1     1     2     1     0   760     1
    12     2     7     0     5     7     1     3     0     1     0     0     1     1     1     1   881     1
    13     2     6     2     3     5     7     1     1     1     0     1     0     2     1     0   670     0
    14     2     6     2     3     5     7     1     1     1     1     0     0     1     0     0   593     0
    15     2     7     0     5     7     1     3     1     0     0     0     0     2     0     1   982     0
    16     2     7     0     5     7     1     3     1     0     0     0     1     1     0     0   575     0
    17     1     3     1     6     8     2     4     1     0     1     0     0     3     0     0   852     0
    18     1     4     1     8     2     4     6     1     1     0     1     1     2     0     1   822     0
    19     2     7     0     5     7     1     3     0     1     1     0     1     3     1     0   984     0
    20     2     7     0     5     7     1     3     0     0     1     1     0     1     0     1   702     0
    21     1     3     1     6     8     2     4     1     0     0     0     1     3     1     0   992     0
    22     1     3     1     6     8     2     4     0     1     1     1     0     1     1     1   768     0
    23     1     2     2     4     6     8     2     1     0     1     0     0     2     1     1   811     0
    24     1     2     2     4     6     8     2     0     0     0     1     0     1     1     0   508     0
    25     2     5     0     1     3     5     7     1     1     1     0     1     3     1     1   830     0
    26     2     5     0     1     3     5     7     1     0     0     0     1     1     0     1   776     1
    27     1     1     2     2     4     6     8     0     0     1     1     0     3     1     0   843     0
    28     2     8     1     7     1     3     5     1     1     0     1     1     3     1     1   881     0
    29     2     5     0     1     3     5     7     1     1     0     0     1     2     0     0   882     0
    30     2     7     0     5     7     1     3     1     1     0     1     0     2     0     0   828     0
    31     2     5     0     1     3     5     7     0     0     1     0     0     2     1     1   686     0
    32     2     5     0     1     3     5     7     0     1     1     0     1     1     0     1   637     0
    33     2     8     1     7     1     3     5     0     1     1     1     1     2     0     0   699     0
    34     2     6     2     3     5     7     1     0     0     1     0     0     2     0     1   733     0
    35     2     8     1     7     1     3     5     1     0     0     1     0     2     1     0   667     1
    36     1     3     1     6     8     2     4     0     1     0     0     1     3     1     1   876     0
    37     2     7     0     5     7     1     3     0     0     1     0     0     3     0     1   835     0
    38     2     7     0     5     7     1     3     1     1     0     1     1     1     1     1   701     0
    39     2     7     0     5     7     1     3     0     0     0     0     1     1     1     1   607     0
    40     2     7     0     5     7     1     3     0     0     1     0     0     1     0     0   659     0
    41     2     5     0     1     3     5     7     1     0     0     0     0     2     1     0   960     0
    42     2     5     0     1     3     5     7     1     1     0     1     0     1     0     1   658     0
    43     1     2     2     4     6     8     2     0     1     1     1     1     3     1     0   617     0
    44     1     2     2     4     6     8     2     0     0     1     1     0     1     0     1   708     0
    45     1     2     2     4     6     8     2     1     1     1     1     0     1     1     1   747     0
    46     1     1     2     2     4     6     8     1     1     1     1     1     2     0     0   756     0
    47     2     5     0     1     3     5     7     1     0     1     0     1     3     0     1   649     0
    48     1     2     2     4     6     8     2     1     1     0     0     0     3     0     1   687     0
    49     2     6     2     3     5     7     1     0     1     1     0     0     3     1     0   662     0
    50     2     6     2     3     5     7     1     0     0     0     0     0     1     0     1   625     0
    51     1     1     2     2     4     6     8     1     0     1     0     0     3     1     0   818     0
    52     1     2     2     4     6     8     2     0     0     0     0     0     2     1     0   614     0
    53     2     7     0     5     7     1     3     1     1     1     0     0     3     1     1   732     1
    54     2     5     0     1     3     5     7     0     0     1     1     0     2     1     1   870     1
    55     2     7     0     5     7     1     3     1     0     0     1     0     2     1     0   711     0
    56     2     6     2     3     5     7     1     0     0     1     1     1     2     1     0   628     0
    57     1     4     1     8     2     4     6     1     0     0     1     1     3     1     0   722     0
    58     1     4     1     8     2     4     6     1     0     1     0     0     1     0     0   707     0
    59     1     3     1     6     8     2     4     1     0     0     1     1     2     0     0   704     0
    60     1     4     1     8     2     4     6     1     0     0     0     1     2     0     0   912     0
    61     1     4     1     8     2     4     6     0     0     1     1     0     1     1     0   588     0
    62     1     4     1     8     2     4     6     1     1     0     0     0     1     1     1   855     1
    63     1     3     1     6     8     2     4     0     0     1     0     1     2     1     1   935     1
    64     1     4     1     8     2     4     6     1     1     0     0     1     2     1     1  1369     0
    65     1     4     1     8     2     4     6     1     0     0     1     0     1     0     1   694     0
    66     1     4     1     8     2     4     6     0     0     0     1     0     1     1     0   620     0
    67     1     4     1     8     2     4     6     0     0     1     1     0     1     0     0   603     0
    68     1     2     2     4     6     8     2     1     0     0     1     1     2     1     0   698     0
    69     2     5     0     1     3     5     7     0     0     0     1     0     3     1     0   627     0
    70     1     2     2     4     6     8     2     0     1     1     0     1     3     0     1   612     0
    71     2     6     2     3     5     7     1     0     1     1     0     0     3     0     0   684     0
    72     2     7     0     5     7     1     3     0     1     1     0     1     2     0     0   756     0
    73     1     4     1     8     2     4     6     1     0     1     0     0     3     1     1   944     0
    74     1     1     2     2     4     6     8     1     1     0     1     1     2     0     1   794     0
    75     2     6     2     3     5     7     1     1     1     1     0     1     3     0     0   898     0
    76     2     6     2     3     5     7     1     0     1     0     1     1     1     1     0   566     0
    77     2     7     0     5     7     1     3     0     1     1     1     1     2     0     0   709     0
    78     2     7     0     5     7     1     3     1     1     1     0     0     1     1     0   645     0
    79     1     4     1     8     2     4     6     0     0     0     1     1     3     1     1   702     0
    80     1     4     1     8     2     4     6     1     0     1     1     1     1     1     0   733     0
    81     1     3     1     6     8     2     4     1     1     1     0     1     2     0     1   937     0
    82     1     4     1     8     2     4     6     0     0     1     1     0     2     1     1   871     0
    83     1     4     1     8     2     4     6     1     1     1     0     1     1     1     1   813     0
    84     2     7     0     5     7     1     3     1     0     0     0     0     3     0     1  1341     0
    85     1     1     2     2     4     6     8     1     0     0     0     0     3     0     0   634     0
    86     1     4     1     8     2     4     6     0     0     1     0     1     2     1     0   825     1
    87     2     5     0     1     3     5     7     0     1     0     0     1     3     0     1   633     0
    88     2     5     0     1     3     5     7     0     0     1     0     1     1     0     1   675     0
    89     1     2     2     4     6     8     2     0     1     0     0     1     3     0     1   707     0
    90     2     7     0     5     7     1     3     0     0     1     0     1     3     0     1   821     0
    91     2     6     2     3     5     7     1     1     0     0     1     1     2     1     0   569     0
    92     1     3     1     6     8     2     4     0     0     1     0     1     3     1     0   804     0
    93     1     4     1     8     2     4     6     0     0     1     0     0     2     0     0   760     0
    94     1     4     1     8     2     4     6     0     0     0     0     0     1     0     0   568     0
    95     1     4     1     8     2     4     6     1     1     1     0     0     1     1     1   803     1
    96     2     5     0     1     3     5     7     0     0     1     1     0     3     1     1   815     0
    97     2     5     0     1     3     5     7     1     1     1     1     1     1     1     1   568     0
    98     2     5     0     1     3     5     7     1     1     1     0     1     1     0     0   589     0
    99     2     8     1     7     1     3     5     1     1     0     1     0     2     0     0   572     1
   100     2     8     1     7     1     3     5     0     1     0     0     1     1     1     0   790     0
   101     2     5     0     1     3     5     7     1     1     0     1     0     2     1     0   638     0
   102     1     4     1     8     2     4     6     1     1     1     0     0     3     0     0   690     0
   103     1     1     2     2     4     6     8     1     1     0     0     1     2     0     0   624     0
   104     2     6     2     3     5     7     1     1     0     0     1     1     3     0     1  1149     0
   105     2     6     2     3     5     7     1     0     1     0     1     1     1     1     1   648     0
   106     2     6     2     3     5     7     1     0     1     0     0     1     1     0     0   685     0
   107     1     4     1     8     2     4     6     0     1     1     1     1     3     0     0   715     0
   108     1     4     1     8     2     4     6     1     1     0     0     0     1     1     0   633     0
   109     2     8     1     7     1     3     5     1     1     0     0     0     3     0     0   700     0
   110     2     8     1     7     1     3     5     1     1     1     0     1     1     0     0   650     0
   111     2     7     0     5     7     1     3     0     0     0     1     1     2     1     1  1167     0
   112     2     7     0     5     7     1     3     0     0     0     1     0     1     0     0   700     0
   113     2     5     0     1     3     5     7     1     1     1     0     0     2     1     1   720     0
   114     2     6     2     3     5     7     1     1     1     1     0     1     2     0     0   499     0
   115     1     4     1     8     2     4     6     0     1     1     1     1     3     1     0   555     0
   116     1     3     1     6     8     2     4     1     1     1     0     0     2     1     0   661     0
   117     2     8     1     7     1     3     5     0     0     1     0     0     3     1     1   821     0
   118     2     6     2     3     5     7     1     0     1     0     1     1     2     0     1   500     0
   119     1     4     1     8     2     4     6     0     0     1     1     0     3     0     1   670     0
   120     1     4     1     8     2     4     6     0     1     1     0     0     1     0     1   628     0
   121     2     7     0     5     7     1     3     1     1     1     0     1     3     1     0   860     0
   122     1     4     1     8     2     4     6     1     0     0     0     0     3     0     1   715     0
   123     1     1     2     2     4     6     8     0     0     0     1     1     2     1     0  1037     0
   124     1     1     2     2     4     6     8     1     0     0     0     0     1     1     0   917     0
   125     1     3     1     6     8     2     4     1     0     0     0     0     2     0     0   980     0
   126     2     8     1     7     1     3     5     0     0     1     0     1     3     1     0   923     0
   127     1     2     2     4     6     8     2     1     0     0     0     1     3     1     0   616     0
   128     1     1     2     2     4     6     8     0     1     0     0     1     2     1     1  1011     0
   129     2     7     0     5     7     1     3     1     1     0     1     1     3     1     0   727     0
   130     1     2     2     4     6     8     2     1     0     0     0     0     3     0     1   767     0
   131     2     6     2     3     5     7     1     0     1     0     0     1     3     1     1   734     0
   132     2     5     0     1     3     5     7     1     1     0     0     0     2     1     0   832     0
   133     1     2     2     4     6     8     2     0     0     1     1     1     3     1     1   975     0
   134     1     2     2     4     6     8     2     0     1     0     0     0     1     0     1   939     0
   135     2     7     0     5     7     1     3     1     1     0     1     0     3     1     0   803     0
   136     1     2     2     4     6     8     2     1     1     1     1     1     3     0     0   714     0
   137     1     3     1     6     8     2     4     1     1     1     0     0     2     0     0   804     0
   138     1     3     1     6     8     2     4     1     0     0     0     1     1     0     1   863     0
   139     1     4     1     8     2     4     6     1     0     0     0     1     2     0     0  1298     0
   140     1     4     1     8     2     4     6     0     1     0     1     0     1     1     1   963     0
   141     1     4     1     8     2     4     6     1     1     0     1     1     1     1     0   720     0
   142     2     5     0     1     3     5     7     0     1     0     0     1     3     1     0   848     0
   143     1     3     1     6     8     2     4     1     0     1     1     1     3     1     1   958     0
   144     1     3     1     6     8     2     4     1     1     0     1     1     1     0     1   633     1
   145     1     4     1     8     2     4     6     1     0     0     1     0     2     0     1   734     0
   146     1     4     1     8     2     4     6     1     0     0     0     0     1     0     0   612     0
   147     1     4     1     8     2     4     6     0     0     0     1     0     1     1     0   660     0
   148     1     4     1     8     2     4     6     1     0     0     0     1     1     1     0   478     0
   149     2     5     0     1     3     5     7     0     0     1     1     1     3     1     0  1099     0
   150     2     5     0     1     3     5     7     1     1     0     1     0     1     1     1  1327     1
   151     2     5     0     1     3     5     7     1     0     1     1     1     1     0     1   993     0
   152     2     7     0     5     7     1     3     1     0     1     0     1     2     0     0   654     0
   153     2     5     0     1     3     5     7     1     1     1     0     1     2     0     1   649     0
   154     2     5     0     1     3     5     7     0     0     1     1     0     1     1     1   766     0
   155     2     7     0     5     7     1     3     0     1     1     1     1     2     0     1   758     0
   156     2     7     0     5     7     1     3     1     0     0     0     1     1     1     1   777     0
   157     2     8     1     7     1     3     5     0     1     0     1     0     2     1     1   758     0
   158     2     8     1     7     1     3     5     0     1     1     1     1     1     0     0   894     0
   159     2     7     0     5     7     1     3     0     1     1     0     1     2     0     0   563     0
   160     2     7     0     5     7     1     3     0     1     0     1     0     1     0     0  1277     0
   161     2     8     1     7     1     3     5     1     1     0     0     1     2     1     0   689     0
   162     2     7     0     5     7     1     3     0     1     0     0     0     2     1     0   789     0
   163     1     1     2     2     4     6     8     1     0     0     1     1     3     1     1   917     0
   164     1     2     2     4     6     8     2     1     1     1     1     1     2     0     1  1199     0
   165     2     6     2     3     5     7     1     0     1     0     1     0     3     1     0   667     0
   166     2     5     0     1     3     5     7     1     1     1     1     0     2     1     0   623     0
   167     2     6     2     3     5     7     1     1     0     0     0     0     2     0     1   652     0
   168     1     1     2     2     4     6     8     0     1     0     1     0     3     1     1   733     0
   169     2     7     0     5     7     1     3     1     1     0     1     1     3     1     0   810     0
   170     1     4     1     8     2     4     6     0     1     0     0     1     3     1     0   885     0
   171     1     2     2     4     6     8     2     0     1     1     0     1     2     0     0   768     0
   172     1     2     2     4     6     8     2     1     0     1     0     0     1     1     1   777     0
   173     2     7     0     5     7     1     3     1     1     1     1     1     3     0     1   752     0
   174     2     5     0     1     3     5     7     0     1     1     1     0     2     1     0   679     0
   175     2     8     1     7     1     3     5     1     0     1     0     0     2     1     1   996     0
   176     2     5     0     1     3     5     7     0     0     1     1     0     2     1     0   669     0
   177     2     5     0     1     3     5     7     0     0     1     0     1     1     0     0   725     0
   178     2     8     1     7     1     3     5     1     1     1     0     1     2     1     1   716     0
   179     1     2     2     4     6     8     2     1     1     0     0     1     3     0     0   811     0
   180     1     2     2     4     6     8     2     0     1     1     1     0     1     1     0  1084     0
   181     1     1     2     2     4     6     8     0     0     0     1     0     2     0     1   817     0
   182     2     8     1     7     1     3     5     0     0     0     1     0     3     0     0   711     0
   183     2     8     1     7     1     3     5     0     0     1     1     1     1     0     0   540     0
   184     2     8     1     7     1     3     5     0     0     0     1     1     1     0     0   648     0
   185     1     2     2     4     6     8     2     1     0     0     0     0     3     1     0   598     0
   186     1     4     1     8     2     4     6     1     0     1     0     1     2     0     0   616     0
   187     1     1     2     2     4     6     8     0     0     1     0     0     2     1     0  1094     0
   188     1     1     2     2     4     6     8     1     1     0     1     0     1     1     1   737     0
   189     1     3     1     6     8     2     4     0     1     1     1     1     2     1     0   880     0
   190     1     3     1     6     8     2     4     1     1     0     0     0     1     1     0   802     0
   191     2     5     0     1     3     5     7     0     0     1     0     0     3     1     1   840     0
   192     1     2     2     4     6     8     2     0     1     1     0     1     3     0     1   729     0
   193     2     5     0     1     3     5     7     0     1     1     1     0     3     0     0   676     0
   194     2     5     0     1     3     5     7     1     0     0     0     1     1     1     1   950     1
   195     2     7     0     5     7     1     3     0     0     1     1     1     2     1     0   767     0
   196     2     6     2     3     5     7     1     1     0     1     1     0     2     1     0   844     0
   197     1     4     1     8     2     4     6     1     0     1     0     1     3     0     0   935     0
   198     1     4     1     8     2     4     6     1     1     1     1     0     1     0     1   906     0
   199     2     5     0     1     3     5     7     0     0     1     0     1     3     1     1  1081     0
   200     2     5     0     1     3     5     7     1     1     0     0     1     1     1     1   953     0
   201     1     1     2     2     4     6     8     1     1     1     0     0     3     0     0   598     0
   202     1     3     1     6     8     2     4     1     0     0     0     1     2     0     1   947     0
   203     1     1     2     2     4     6     8     0     0     1     0     1     2     1     0   917     0
   204     1     1     2     2     4     6     8     1     1     0     1     1     1     1     1   662     0
   205     1     4     1     8     2     4     6     0     0     1     0     1     2     1     1   800     1
   206     1     1     2     2     4     6     8     0     1     0     0     0     2     0     1   633     0
   207     2     5     0     1     3     5     7     0     0     1     0     1     3     0     1   718     0
   208     2     5     0     1     3     5     7     1     1     1     1     0     1     1     1   663     0
   209     2     8     1     7     1     3     5     0     1     0     1     0     2     1     0  1119     0
   210     2     8     1     7     1     3     5     1     0     1     1     0     1     1     1   683     0
   211     2     8     1     7     1     3     5     1     1     0     1     1     1     0     1   727     0
   212     2     5     0     1     3     5     7     0     1     0     0     1     2     1     0   583     0
   213     2     5     0     1     3     5     7     1     1     1     1     0     1     1     0   753     0
   214     2     8     1     7     1     3     5     1     0     1     0     1     2     0     1   613     0
   215     1     1     2     2     4     6     8     1     0     1     1     1     3     0     0   608     0
   216     1     1     2     2     4     6     8     1     0     0     1     0     1     0     0   548     0
   217     1     2     2     4     6     8     2     1     0     0     0     0     2     0     0   580     1
   218     1     2     2     4     6     8     2     0     1     0     1     1     1     1     1   853     0
   219     1     2     2     4     6     8     2     0     0     1     0     0     1     0     1   901     0
   220     1     2     2     4     6     8     2     0     0     1     1     0     1     0     0   606     0
   221     1     4     1     8     2     4     6     0     0     1     1     1     2     0     0   639     0
   222     2     7     0     5     7     1     3     1     0     0     0     1     3     1     0   759     0
   223     1     4     1     8     2     4     6     1     1     1     0     0     3     0     1   739     0
   224     1     4     1     8     2     4     6     1     0     1     1     0     1     0     1   935     0
   225     2     8     1     7     1     3     5     0     1     1     1     0     3     1     1   744     0
   226     2     8     1     7     1     3     5     0     1     0     1     0     1     0     0   453     0
   227     1     1     2     2     4     6     8     0     0     1     0     0     3     0     1   615     1
   228     1     2     2     4     6     8     2     0     1     1     0     1     2     0     1   640     0
   229     1     4     1     8     2     4     6     0     1     1     1     1     2     0     0   602     0
   230     1     4     1     8     2     4     6     0     1     0     1     0     1     0     0   533     0
   231     2     8     1     7     1     3     5     0     1     0     1     0     3     0     0   543     0
   232     2     6     2     3     5     7     1     1     0     1     0     0     2     1     1   921     1
   233     1     2     2     4     6     8     2     0     1     0     0     1     3     1     1   560     0
   234     1     2     2     4     6     8     2     1     1     0     1     1     1     1     0   799     0
   235     1     4     1     8     2     4     6     1     0     1     1     0     2     0     1   660     0
   236     1     4     1     8     2     4     6     1     0     0     0     1     1     0     0   528     0
   237     2     6     2     3     5     7     1     0     0     0     0     0     3     1     0   518     0
   238     2     7     0     5     7     1     3     0     1     1     1     0     2     0     1   768     0
   239     2     7     0     5     7     1     3     0     0     1     1     0     1     0     1   990     0
   240     1     4     1     8     2     4     6     1     0     1     1     1     3     1     0   808     0
   241     1     3     1     6     8     2     4     1     1     1     1     0     2     0     1   802     0
   242     1     3     1     6     8     2     4     1     1     1     0     0     1     0     0   706     0
   243     2     6     2     3     5     7     1     1     0     1     0     0     3     0     1   915     0
   244     2     7     0     5     7     1     3     0     0     0     1     1     2     1     0   663     0
   245     1     2     2     4     6     8     2     1     1     1     0     0     3     1     1   669     0
   246     1     2     2     4     6     8     2     0     1     1     0     1     1     1     0   653     0
   247     1     4     1     8     2     4     6     0     1     1     1     1     2     0     0   883     0
   248     1     4     1     8     2     4     6     1     1     1     1     1     1     1     0   632     0
   249     2     6     2     3     5     7     1     0     0     1     1     0     3     1     1   556     0
   250     2     8     1     7     1     3     5     0     1     0     1     1     2     0     1   897     0
   251     2     7     0     5     7     1     3     1     1     0     1     0     2     1     0   841     0
   252     2     7     0     5     7     1     3     0     0     1     0     0     1     1     1   540     0
   253     1     2     2     4     6     8     2     1     0     1     0     1     3     1     0   632     0
   254     1     2     2     4     6     8     2     0     1     1     0     0     1     1     1   605     0
   255     2     5     0     1     3     5     7     1     0     1     0     1     3     1     1   743     0
   256     2     7     0     5     7     1     3     0     1     1     0     1     2     1     1   695     0
   257     1     1     2     2     4     6     8     1     0     1     0     0     3     1     1   848     0
   258     1     1     2     2     4     6     8     1     0     1     1     1     1     0     0   874     0
   259     2     6     2     3     5     7     1     1     1     1     0     0     3     0     1   570     0
   260     2     6     2     3     5     7     1     0     0     1     0     1     1     1     1   669     0
   261     1     1     2     2     4     6     8     0     1     0     0     1     3     0     1   641     0
   262     1     1     2     2     4     6     8     0     0     1     0     0     1     0     1   811     0
   263     2     6     2     3     5     7     1     0     0     1     0     1     3     0     0   522     0
   264     2     6     2     3     5     7     1     0     1     1     0     0     1     0     1   651     0
   265     1     3     1     6     8     2     4     1     0     1     0     0     3     1     1   823     1
   266     2     6     2     3     5     7     1     1     1     0     0     1     3     0     1   788     0
   267     2     8     1     7     1     3     5     0     1     0     1     0     2     1     0   792     0
   268     2     8     1     7     1     3     5     1     0     0     1     0     1     1     1   692     0
   269     1     4     1     8     2     4     6     0     1     1     0     1     3     1     1   631     0
   270     1     4     1     8     2     4     6     0     0     1     1     1     1     0     1   585     0
   271     2     8     1     7     1     3     5     1     0     0     1     0     3     1     0   593     0
   272     2     8     1     7     1     3     5     1     0     1     1     1     1     0     0   521     0
   273     2     6     2     3     5     7     1     0     0     1     1     0     2     1     0   823     0
   274     2     6     2     3     5     7     1     0     0     0     0     1     1     0     0   597     0
   275     2     6     2     3     5     7     1     1     1     1     0     0     1     1     1   615     0
   276     2     6     2     3     5     7     1     0     0     1     0     1     1     1     1   559     0
   277     1     3     1     6     8     2     4     0     0     0     0     0     3     0     0   652     0
   278     1     3     1     6     8     2     4     1     0     1     0     1     1     1     0   724     0
   279     2     5     0     1     3     5     7     1     0     1     0     1     3     0     0   861     0
   280     2     5     0     1     3     5     7     1     1     0     1     1     1     0     1   654     0
   281     2     5     0     1     3     5     7     1     0     1     1     0     1     0     1   647     0
   282     2     5     0     1     3     5     7     0     1     0     0     1     1     1     1   665     0
   283     1     1     2     2     4     6     8     0     1     1     1     0     3     0     0   663     0
   284     1     1     2     2     4     6     8     1     0     0     0     0     1     1     1   548     0
   285     1     4     1     8     2     4     6     0     1     1     1     1     2     1     1   745     0
   286     1     4     1     8     2     4     6     0     0     1     1     1     1     0     1   657     0
   287     1     4     1     8     2     4     6     0     1     0     0     1     1     0     1   680     0
   288     1     4     1     8     2     4     6     1     1     1     1     0     1     1     0   724     0
   289     2     7     0     5     7     1     3     1     0     1     0     0     3     0     1  1050     1
   290     2     7     0     5     7     1     3     1     1     0     1     0     1     0     1   898     0
   291     2     6     2     3     5     7     1     1     0     1     1     1     2     0     1   787     0
   292     2     7     0     5     7     1     3     0     0     1     1     1     2     1     0   792     0
   293     2     6     2     3     5     7     1     0     1     0     0     0     2     0     1   993     0
   294     2     6     2     3     5     7     1     1     0     0     1     1     1     1     1   695     0
   295     2     5     0     1     3     5     7     0     0     1     1     1     2     1     0   732     0
   296     2     5     0     1     3     5     7     0     1     1     0     0     1     0     1   772     0
   297     1     4     1     8     2     4     6     1     0     1     0     0     3     1     1   788     0
   298     1     1     2     2     4     6     8     0     0     0     0     1     2     1     0   672     0
   299     1     1     2     2     4     6     8     1     1     0     0     0     1     1     1   722     0
   300     1     1     2     2     4     6     8     0     1     1     0     0     1     1     0   834     0
   301     2     7     0     5     7     1     3     0     0     1     1     0     3     0     1   644     0
   302     2     7     0     5     7     1     3     1     0     1     0     1     1     1     0   697     0
   303     2     8     1     7     1     3     5     0     0     1     1     0     2     1     0   630     0
   304     2     8     1     7     1     3     5     0     1     1     0     0     1     0     1   605     0
   305     1     3     1     6     8     2     4     1     1     0     1     1     3     1     0   558     1
   306     1     1     2     2     4     6     8     0     1     0     0     1     2     1     0   753     0
   307     1     1     2     2     4     6     8     1     1     0     1     1     1     1     0   658     0
   308     1     3     1     6     8     2     4     1     0     0     0     1     2     0     1   915     0
   309     1     2     2     4     6     8     2     1     1     0     0     1     2     0     1   986     0
   310     1     2     2     4     6     8     2     0     1     0     0     0     1     1     0   872     0
   311     1     1     2     2     4     6     8     0     1     0     0     1     2     0     0   814     0
   312     1     1     2     2     4     6     8     1     1     1     1     0     1     1     0  1019     0
   313     1     4     1     8     2     4     6     1     0     0     0     0     2     0     1   951     0
   314     1     1     2     2     4     6     8     0     0     0     1     1     2     1     0   983     0
   315     1     1     2     2     4     6     8     1     1     1     0     1     1     1     1   700     0
   316     1     1     2     2     4     6     8     0     1     1     0     1     1     1     0   602     0
   317     1     3     1     6     8     2     4     0     1     0     1     0     2     0     0   658     0
   318     1     3     1     6     8     2     4     0     0     0     0     1     1     0     1   641     0
   319     2     8     1     7     1     3     5     1     1     0     1     0     3     1     1   664     0
   320     2     6     2     3     5     7     1     0     0     0     1     0     2     1     1   603     0
   321     1     2     2     4     6     8     2     0     1     0     1     1     3     0     1   815     0
   322     1     3     1     6     8     2     4     1     0     1     1     0     2     1     1   930     0
   323     2     6     2     3     5     7     1     0     0     1     1     0     3     1     0   581     0
   324     1     3     1     6     8     2     4     0     1     0     1     1     3     0     1   754     0
   325     2     5     0     1     3     5     7     1     1     0     1     1     3     1     0  1500     2
   326     2     5     0     1     3     5     7     0     1     0     1     0     1     1     0   686     0
   327     2     8     1     7     1     3     5     0     1     1     0     1     2     0     0   697     0
   328     1     3     1     6     8     2     4     1     1     1     0     1     3     1     0  1135     0
   329     1     2     2     4     6     8     2     1     1     1     1     0     2     0     0   923     0
   330     1     3     1     6     8     2     4     0     1     0     0     1     2     1     0  1352     0
   331     1     4     1     8     2     4     6     1     0     0     0     1     2     1     1   684     1
   332     1     1     2     2     4     6     8     0     0     1     1     0     2     1     0   813     0
   333     1     4     1     8     2     4     6     1     1     0     0     0     2     1     1   704     0
   334     1     4     1     8     2     4     6     1     1     0     0     0     1     0     0   674     0
   335     2     6     2     3     5     7     1     1     0     0     1     1     3     0     1   639     0
   336     2     6     2     3     5     7     1     0     1     0     0     1     1     1     1   880     1
   337     2     7     0     5     7     1     3     1     1     1     1     0     2     1     0   768     0
   338     2     7     0     5     7     1     3     1     1     1     0     0     1     0     0   530     0
   339     2     7     0     5     7     1     3     1     0     1     1     1     1     0     1   528     0
   340     1     4     1     8     2     4     6     0     1     1     0     1     3     1     1   946     0
   341     1     1     2     2     4     6     8     0     0     0     1     0     2     0     1   663     0
   342     2     6     2     3     5     7     1     0     1     0     1     1     3     0     1   610     0
   343     2     5     0     1     3     5     7     1     1     0     1     1     2     1     0   592     1
   344     2     5     0     1     3     5     7     1     0     0     1     0     1     0     1   582     0
   345     2     5     0     1     3     5     7     1     1     1     0     1     1     0     1   590     0
   346     2     5     0     1     3     5     7     0     0     0     0     0     1     1     1   574     0
   347     1     4     1     8     2     4     6     0     0     1     1     1     3     0     0   702     0
   348     1     4     1     8     2     4     6     0     0     0     0     1     1     0     0   587     0
   349     2     7     0     5     7     1     3     0     0     0     0     1     3     0     0   806     0
   350     2     7     0     5     7     1     3     0     0     0     0     1     1     0     0   525     0
   351     1     4     1     8     2     4     6     0     1     0     0     0     3     0     1   647     0
   352     1     1     2     2     4     6     8     0     1     0     0     0     2     0     0   671     0
   353     1     2     2     4     6     8     2     1     1     0     1     1     2     1     0   992     0
   354     1     2     2     4     6     8     2     1     1     1     1     1     1     0     0   553     0
   355     1     3     1     6     8     2     4     0     1     0     0     0     2     1     0   947     0
   356     1     4     1     8     2     4     6     0     0     0     0     0     2     0     1   722     1
   357     2     6     2     3     5     7     1     0     1     1     0     0     3     0     1   609     0
   358     2     6     2     3     5     7     1     0     1     0     0     1     1     0     0   778     0
   359     2     6     2     3     5     7     1     0     0     0     0     1     1     0     1   731     1
   360     2     6     2     3     5     7     1     0     0     0     0     1     1     0     0   551     0
   361     2     6     2     3     5     7     1     1     0     1     0     0     1     1     0   524     0
   362     1     3     1     6     8     2     4     1     1     1     0     1     3     0     1   781     0
   363     2     7     0     5     7     1     3     0     1     1     1     1     3     1     0   624     0
   364     2     7     0     5     7     1     3     0     1     0     1     0     1     0     0   466     0
   365     1     1     2     2     4     6     8     1     1     1     1     1     3     1     0   809     0
   366     1     1     2     2     4     6     8     0     1     0     0     0     1     1     0  1189     0
   367     1     2     2     4     6     8     2     1     1     1     1     0     2     1     0  1070     0
   368     1     3     1     6     8     2     4     1     0     1     0     0     2     0     1   880     1
   369     2     8     1     7     1     3     5     1     0     0     0     0     3     0     0   861     0
   370     1     3     1     6     8     2     4     0     0     0     1     1     3     1     0   849     1
   371     1     2     2     4     6     8     2     1     0     0     1     1     2     1     0   782     0
   372     1     2     2     4     6     8     2     1     1     0     0     0     1     0     1  1282     0
   373     2     8     1     7     1     3     5     0     1     1     1     0     3     1     0  1500     2
   374     2     8     1     7     1     3     5     0     1     0     1     0     1     0     0   582     0
   375     1     2     2     4     6     8     2     0     0     0     0     1     3     0     1   784     0
   376     1     2     2     4     6     8     2     0     1     1     1     0     1     0     1   864     0
   377     1     1     2     2     4     6     8     0     1     0     0     0     2     0     0   963     1
   378     1     3     1     6     8     2     4     0     1     0     0     0     2     0     0   804     0
   379     1     2     2     4     6     8     2     1     1     0     1     0     2     1     0   814     0
   380     1     2     2     4     6     8     2     1     1     1     1     1     1     0     0   641     0
   381     2     8     1     7     1     3     5     1     1     0     0     0     3     0     0   782     0
   382     1     1     2     2     4     6     8     0     0     1     1     0     3     1     1  1051     0
   383     1     4     1     8     2     4     6     1     0     0     1     1     2     1     0  1500     2
   384     1     2     2     4     6     8     2     0     1     1     1     1     2     1     1   923     0
   385     2     6     2     3     5     7     1     1     1     0     0     1     3     1     0   614     0
   386     2     6     2     3     5     7     1     1     1     1     1     1     1     0     0   492     0
   387     1     2     2     4     6     8     2     1     1     1     0     1     3     0     0   525     0
   388     1     2     2     4     6     8     2     0     1     0     1     1     1     1     0   572     0
   389     1     4     1     8     2     4     6     0     1     1     1     0     2     0     0   721     0
   390     1     4     1     8     2     4     6     0     0     0     1     0     1     0     1   972     0
   391     1     4     1     8     2     4     6     1     0     1     1     0     1     1     0  1408     0
   392     1     3     1     6     8     2     4     1     0     0     0     0     2     0     0   814     0
   393     2     6     2     3     5     7     1     0     1     0     1     1     3     1     1   606     0
   394     2     6     2     3     5     7     1     1     1     0     1     1     1     1     0   533     0
   395     1     2     2     4     6     8     2     1     0     0     1     0     3     0     1   939     0
   396     1     4     1     8     2     4     6     1     0     0     0     0     2     0     0  1198     0
   397     1     2     2     4     6     8     2     0     0     0     0     1     2     1     0   799     0
   398     2     5     0     1     3     5     7     1     0     0     1     1     3     1     0   877     0
   399     2     7     0     5     7     1     3     0     0     1     0     1     2     1     0   998     0
   400     2     7     0     5     7     1     3     1     1     1     1     1     1     1     1   597     1
   401     2     8     1     7     1     3     5     0     0     0     1     1     2     1     1  1101     0
   402     2     8     1     7     1     3     5     1     1     0     1     1     1     1     1   809     0
   403     1     1     2     2     4     6     8     1     1     0     1     1     3     0     0   824     0
   404     1     1     2     2     4     6     8     1     0     0     1     1     1     0     1   920     0
   405     2     8     1     7     1     3     5     0     0     1     1     0     3     1     0   800     0
   406     1     1     2     2     4     6     8     0     1     1     1     1     3     0     1   715     0
   407     2     8     1     7     1     3     5     1     0     0     1     1     3     1     1   572     0
   408     2     8     1     7     1     3     5     1     1     1     1     1     1     0     1  1340     0
   409     2     5     0     1     3     5     7     1     0     1     0     1     2     0     1   761     0
   410     2     7     0     5     7     1     3     1     1     1     0     0     2     0     1  1500     2
   411     1     1     2     2     4     6     8     0     0     0     1     0     3     1     1   988     0
   412     1     4     1     8     2     4     6     0     1     1     1     0     2     0     1   770     0
   413     1     3     1     6     8     2     4     1     1     0     0     1     2     1     0   986     1
   414     2     8     1     7     1     3     5     1     0     0     0     0     3     0     1   615     0
   415     2     7     0     5     7     1     3     0     0     1     0     1     2     1     0   861     0
   416     2     7     0     5     7     1     3     1     1     0     1     1     1     1     1   638     0
   417     2     7     0     5     7     1     3     0     0     0     0     0     1     1     1   585     0
   418     2     8     1     7     1     3     5     1     0     1     0     0     2     1     0   747     0
   419     2     5     0     1     3     5     7     1     0     0     1     0     2     0     0   777     0
   420     2     5     0     1     3     5     7     1     1     0     0     0     1     0     1   852     0
   421     1     2     2     4     6     8     2     0     0     1     1     1     3     1     1   753     0
   422     1     4     1     8     2     4     6     1     0     0     0     1     2     1     0   857     0
   423     2     6     2     3     5     7     1     1     1     1     1     0     3     0     1   798     0
   424     2     6     2     3     5     7     1     0     0     1     0     1     1     1     1   580     0
   425     2     8     1     7     1     3     5     1     0     0     1     1     2     1     0   641     0
   426     1     3     1     6     8     2     4     0     0     1     1     1     3     1     0   733     0
   427     1     3     1     6     8     2     4     0     1     0     0     0     1     0     1   685     1
   428     2     6     2     3     5     7     1     1     1     0     0     0     3     1     0   631     0
   429     2     6     2     3     5     7     1     0     0     1     1     1     1     1     1   669     0
   430     2     6     2     3     5     7     1     1     0     1     1     1     1     1     0   540     0
   431     1     4     1     8     2     4     6     1     0     0     1     1     3     0     0  1066     1
   432     1     2     2     4     6     8     2     0     0     0     1     0     2     1     0   910     0
   433     1     2     2     4     6     8     2     1     1     1     1     0     1     1     1   614     0
   434     1     2     2     4     6     8     2     1     1     0     0     0     1     0     0   611     0
   435     2     5     0     1     3     5     7     1     1     0     1     0     3     0     0   735     0
   436     2     6     2     3     5     7     1     0     1     1     1     1     2     1     0   968     0
   437     1     3     1     6     8     2     4     1     0     1     0     1     3     1     1   907     0
   438     1     3     1     6     8     2     4     0     1     1     0     1     1     1     1   763     0
   439     1     3     1     6     8     2     4     0     0     1     0     0     1     0     1   841     0
   440     1     3     1     6     8     2     4     1     1     1     1     0     1     1     1  1352     1
   441     2     7     0     5     7     1     3     0     1     0     1     0     3     1     0   760     0
   442     1     2     2     4     6     8     2     1     0     0     1     0     3     1     1   779     0
   443     2     5     0     1     3     5     7     0     0     0     1     1     3     1     0   966     1
   444     2     8     1     7     1     3     5     0     0     0     1     0     2     0     0   618     0
   445     2     8     1     7     1     3     5     1     1     0     1     1     1     1     1   707     0
   446     2     8     1     7     1     3     5     0     0     0     0     1     1     1     1   585     0
   447     1     4     1     8     2     4     6     1     0     0     0     1     3     1     0   669     1
   448     1     4     1     8     2     4     6     0     0     1     0     1     1     1     0   800     1
   449     1     3     1     6     8     2     4     1     0     0     1     0     2     1     0   816     0
   450     1     3     1     6     8     2     4     0     0     0     0     1     1     1     0   632     0
   451     1     1     2     2     4     6     8     0     0     1     1     1     2     0     0   599     1
   452     1     1     2     2     4     6     8     1     1     0     0     0     1     1     1   708     0
   453     1     1     2     2     4     6     8     1     0     1     1     0     1     0     1   725     0
   454     1     3     1     6     8     2     4     0     1     1     0     1     2     1     1   667     0
   455     1     4     1     8     2     4     6     1     0     1     0     0     2     1     1   607     0
   456     2     5     0     1     3     5     7     0     1     0     1     1     3     1     1   620     0
   457     2     8     1     7     1     3     5     1     0     1     1     0     2     1     1   521     0
   458     2     8     1     7     1     3     5     0     0     0     1     1     1     1     0   581     0
   459     2     6     2     3     5     7     1     0     1     0     1     1     2     0     1   602     0
   460     2     7     0     5     7     1     3     1     1     1     1     1     2     1     0   794     1
   461     1     4     1     8     2     4     6     0     0     0     0     0     3     1     1   583     0
   462     1     4     1     8     2     4     6     1     1     1     1     0     1     1     1   520     1
   463     1     3     1     6     8     2     4     0     1     1     0     0     2     1     0   933     0
   464     1     3     1     6     8     2     4     0     0     0     0     0     1     0     1   677     0
   465     2     6     2     3     5     7     1     1     0     1     0     0     3     1     0   686     0
   466     1     1     2     2     4     6     8     0     0     0     1     0     3     1     0   720     0
   467     1     4     1     8     2     4     6     0     0     1     1     0     2     0     0   637     0
   468     1     4     1     8     2     4     6     1     0     1     0     1     1     1     0   654     1
   469     2     8     1     7     1     3     5     0     0     1     0     0     3     1     0   644     0
   470     2     8     1     7     1     3     5     1     0     1     1     1     1     1     0   530     0
   471     1     3     1     6     8     2     4     0     0     0     0     0     3     1     0   539     0
   472     1     3     1     6     8     2     4     1     0     1     0     1     1     1     0   526     0
   473     2     6     2     3     5     7     1     0     0     1     0     0     3     1     0   534     0
   474     2     6     2     3     5     7     1     0     1     1     0     0     1     0     1   706     0
   475     2     8     1     7     1     3     5     0     1     0     1     0     2     0     0   611     0
   476     2     8     1     7     1     3     5     1     0     0     1     0     1     1     1   551     1
   477     2     8     1     7     1     3     5     0     1     1     1     0     1     1     1   611     0
   478     2     8     1     7     1     3     5     1     0     0     0     1     1     1     1   744     0
   479     1     2     2     4     6     8     2     0     0     0     1     1     3     1     0   681     0
   480     1     2     2     4     6     8     2     1     1     1     0     1     1     1     1   747     0
   481     2     5     0     1     3     5     7     0     1     0     1     0     3     1     0   782     0
   482     2     5     0     1     3     5     7     0     1     0     1     1     1     0     0   692     0
   483     2     7     0     5     7     1     3     1     0     1     1     0     2     1     1   545     0
   484     2     8     1     7     1     3     5     0     0     1     0     0     2     1     0   572     0
   485     1     2     2     4     6     8     2     1     1     1     1     1     3     1     1   808     0
   486     1     2     2     4     6     8     2     0     1     0     1     1     1     1     0   755     1
   487     2     8     1     7     1     3     5     1     1     1     1     0     3     1     0   614     0
   488     1     1     2     2     4     6     8     1     0     1     1     1     3     0     1   698     0
   489     1     3     1     6     8     2     4     1     1     1     1     1     2     0     1   804     0
   490     1     3     1     6     8     2     4     1     0     1     1     1     1     0     1   591     0
   491     1     1     2     2     4     6     8     1     1     1     1     0     2     0     1   695     0
   492     1     2     2     4     6     8     2     0     0     1     1     1     2     1     1  1146     1
   493     1     3     1     6     8     2     4     0     0     0     1     1     2     0     0   597     0
   494     1     3     1     6     8     2     4     0     1     1     1     0     1     0     1   750     1
   495     1     3     1     6     8     2     4     0     1     1     1     0     1     0     0   760     0
   496     1     3     1     6     8     2     4     1     1     1     0     0     1     1     0   607     0
   497     1     4     1     8     2     4     6     1     0     0     0     0     2     0     1   999     0
   498     1     4     1     8     2     4     6     0     0     0     1     1     1     1     0   803     0
   499     1     1     2     2     4     6     8     0     0     0     0     0     2     0     0   878     0
   500     1     1     2     2     4     6     8     1     0     1     0     1     1     1     0   599     0
   501     2     8     1     7     1     3     5     0     0     1     0     1     3     1     0   589     0
   502     2     7     0     5     7     1     3     1     0     1     1     0     2     1     0   682     0
   503     1     2     2     4     6     8     2     1     0     0     1     1     3     0     0   606     0
   504     1     4     1     8     2     4     6     1     0     1     0     0     2     0     0   778     0
   505     1     4     1     8     2     4     6     0     1     0     0     1     1     1     1  1041     0
   506     2     7     0     5     7     1     3     1     0     0     1     1     3     1     1   691     0
   507     1     2     2     4     6     8     2     0     0     1     0     0     3     1     0   597     0
   508     1     2     2     4     6     8     2     0     0     0     1     0     1     0     0   756     0
   509     2     7     0     5     7     1     3     1     1     1     1     1     3     1     1   667     0
   510     2     7     0     5     7     1     3     0     1     0     1     0     1     1     0   694     0
   511     2     5     0     1     3     5     7     1     1     0     1     1     2     1     0   606     0
   512     2     5     0     1     3     5     7     0     1     0     1     0     1     1     0   606     0
   513     1     3     1     6     8     2     4     1     1     0     1     0     3     1     0   927     1
   514     2     6     2     3     5     7     1     1     1     0     0     0     3     0     0   701     0
   515     1     2     2     4     6     8     2     0     1     0     0     1     3     1     0   878     0
   516     1     2     2     4     6     8     2     1     1     1     1     0     1     1     0   596     0
   517     2     7     0     5     7     1     3     1     0     0     0     1     3     0     1   797     1
   518     1     2     2     4     6     8     2     0     0     0     0     1     3     1     0   569     0
   519     2     6     2     3     5     7     1     0     1     0     1     1     3     0     1   780     0
   520     2     6     2     3     5     7     1     0     0     0     1     1     1     0     1   628     0
   521     2     7     0     5     7     1     3     0     0     1     0     1     2     0     0   711     0
   522     2     7     0     5     7     1     3     1     0     1     0     0     1     1     0   787     0
   523     1     3     1     6     8     2     4     0     1     0     0     1     3     1     1   625     0
   524     1     3     1     6     8     2     4     0     0     0     0     0     1     0     1   661     0
   525     2     5     0     1     3     5     7     0     1     1     0     1     3     0     1   588     0
   526     2     5     0     1     3     5     7     1     0     1     0     1     1     1     1   769     0
   527     2     5     0     1     3     5     7     1     1     1     1     1     1     0     1  1251     0
   528     2     6     2     3     5     7     1     1     0     1     1     0     2     0     1   818     0
   529     1     1     2     2     4     6     8     1     1     1     1     1     3     0     1   676     0
   530     1     1     2     2     4     6     8     0     1     0     0     0     1     1     0   572     0
   531     2     7     0     5     7     1     3     1     1     0     1     0     3     1     0   749     0
   532     2     7     0     5     7     1     3     0     0     1     1     1     1     1     1   702     0
   533     2     5     0     1     3     5     7     0     0     1     0     1     2     0     0   680     0
   534     2     5     0     1     3     5     7     0     0     0     0     0     1     0     0   499     0
   535     1     3     1     6     8     2     4     1     0     0     0     1     3     1     0   689     0
   536     1     2     2     4     6     8     2     1     0     0     0     1     2     0     0   618     0
   537     2     6     2     3     5     7     1     1     1     1     1     0     3     0     1   671     0
   538     2     8     1     7     1     3     5     0     0     1     1     1     2     1     1   585     0
   539     1     1     2     2     4     6     8     1     0     1     0     1     3     1     0   635     0
   540     1     1     2     2     4     6     8     0     1     1     0     1     1     1     1   741     0
   541     2     8     1     7     1     3     5     1     0     1     1     1     3     1     1   738     0
   542     2     8     1     7     1     3     5     0     1     1     1     1     1     1     1   788     0
   543     2     6     2     3     5     7     1     0     0     0     1     1     2     0     1   535     0
   544     2     6     2     3     5     7     1     0     1     0     1     1     1     0     1   723     0
   545     2     7     0     5     7     1     3     0     1     1     0     1     2     0     0   833     0
   546     2     5     0     1     3     5     7     0     0     1     1     0     2     0     1   737     0
   547     1     4     1     8     2     4     6     0     1     1     1     0     3     0     1   713     0
   548     1     4     1     8     2     4     6     1     0     0     0     1     1     1     1  1051     0
   549     1     3     1     6     8     2     4     0     0     1     1     1     2     1     0   676     0
   550     1     3     1     6     8     2     4     1     1     0     0     1     1     1     1   761     0
   551     2     6     2     3     5     7     1     0     1     1     0     0     3     1     0   729     0
   552     2     6     2     3     5     7     1     0     0     0     0     0     1     0     1   815     0
   553     2     7     0     5     7     1     3     1     1     1     0     0     2     1     1   705     0
   554     2     6     2     3     5     7     1     0     1     0     1     1     2     1     0   779     0
   555     2     8     1     7     1     3     5     1     0     1     0     1     2     1     1   901     0
   556     2     8     1     7     1     3     5     0     1     0     0     0     1     1     1   677     0
   557     1     2     2     4     6     8     2     0     1     0     1     0     3     0     0   855     0
   558     1     2     2     4     6     8     2     1     1     0     0     1     1     1     0  1500     2
   559     1     2     2     4     6     8     2     0     0     0     0     1     1     1     1   771     0
   560     1     1     2     2     4     6     8     0     0     0     0     1     2     0     0  1482     0
   561     2     5     0     1     3     5     7     0     1     0     1     0     3     0     1   824     0
   562     2     6     2     3     5     7     1     0     1     0     0     0     2     0     0   643     1
   563     2     7     0     5     7     1     3     0     1     0     0     1     2     0     0   677     0
   564     2     7     0     5     7     1     3     1     1     1     1     0     1     1     0   843     0
   565     1     3     1     6     8     2     4     1     0     1     1     0     3     0     1   627     1
   566     1     2     2     4     6     8     2     1     0     1     1     1     2     0     0   654     0
   567     1     3     1     6     8     2     4     0     1     1     1     0     2     1     1   714     0
   568     1     3     1     6     8     2     4     0     1     0     1     1     1     0     0   628     0
   569     2     8     1     7     1     3     5     1     0     1     1     0     3     1     1   673     1
   570     2     5     0     1     3     5     7     0     1     0     0     0     2     1     1   694     0
   571     2     7     0     5     7     1     3     1     1     1     1     0     2     1     0   804     0
   572     2     7     0     5     7     1     3     1     1     1     1     0     1     0     0   488     0
   573     2     6     2     3     5     7     1     1     1     1     0     1     2     0     0   646     0
   574     2     6     2     3     5     7     1     1     0     1     0     0     1     0     1   555     0
   575     1     3     1     6     8     2     4     1     1     1     1     1     3     0     1   925     0
   576     2     8     1     7     1     3     5     0     1     0     1     0     3     1     0   626     0
   577     1     4     1     8     2     4     6     1     0     1     1     1     3     1     1   702     0
   578     1     1     2     2     4     6     8     1     0     1     1     1     2     0     0   662     0
   579     1     2     2     4     6     8     2     0     0     1     0     1     2     1     0   752     1
   580     2     7     0     5     7     1     3     0     0     0     1     0     3     0     0   796     0
   581     2     8     1     7     1     3     5     1     1     1     1     1     2     1     1   718     0
   582     2     8     1     7     1     3     5     1     0     0     0     1     1     0     1   648     0
   583     1     2     2     4     6     8     2     1     1     1     0     0     3     0     1   678     0
   584     2     7     0     5     7     1     3     1     1     1     0     1     3     0     0   554     0
   585     2     6     2     3     5     7     1     0     0     0     0     1     2     1     1   597     0
   586     2     6     2     3     5     7     1     1     1     0     1     1     1     1     1   571     0
   587     1     2     2     4     6     8     2     0     1     1     0     0     3     1     0   555     0
   588     1     2     2     4     6     8     2     0     0     0     1     0     1     0     1   551     1
   589     2     8     1     7     1     3     5     1     0     0     0     0     3     1     0   617     0
   590     2     8     1     7     1     3     5     1     0     1     0     1     1     0     0   569     0
   591     2     8     1     7     1     3     5     1     1     1     0     0     1     0     1   501     1
   592     2     8     1     7     1     3     5     1     0     0     0     0     1     0     1   946     0
   593     2     6     2     3     5     7     1     1     0     0     0     0     2     0     0   581     0
   594     1     1     2     2     4     6     8     1     1     0     0     1     3     0     1   768     0
   595     1     2     2     4     6     8     2     0     0     1     1     1     2     1     1   830     1
   596     1     3     1     6     8     2     4     1     0     0     0     1     2     1     0  1144     0
   597     1     2     2     4     6     8     2     1     1     1     0     1     2     0     1   754     0
   598     1     1     2     2     4     6     8     1     1     0     1     1     2     0     0   963     0
   599     2     7     0     5     7     1     3     0     0     0     0     0     3     1     1   836     0
   600     2     5     0     1     3     5     7     1     0     1     1     0     2     1     0   901     0
   601     1     1     2     2     4     6     8     0     1     0     0     0     3     1     1   984     0
   602     1     2     2     4     6     8     2     1     0     1     1     1     2     1     1   634     0
   603     2     6     2     3     5     7     1     0     0     0     0     1     3     1     0   626     0
   604     1     1     2     2     4     6     8     1     0     0     0     0     3     1     0   716     0
   605     1     3     1     6     8     2     4     0     1     0     1     0     2     1     1   845     0
   606     1     3     1     6     8     2     4     1     0     1     1     1     1     1     1   869     0
   607     2     8     1     7     1     3     5     1     1     0     1     1     3     0     1   793     0
   608     2     8     1     7     1     3     5     1     0     0     1     0     1     0     1   617     0
   609     1     2     2     4     6     8     2     1     0     1     0     1     3     0     0   725     0
   610     1     2     2     4     6     8     2     1     0     1     1     0     1     0     0   649     0
   611     2     8     1     7     1     3     5     0     0     1     1     0     3     1     0  1021     1
   612     2     5     0     1     3     5     7     1     0     0     1     1     2     1     0   990     0
   613     1     4     1     8     2     4     6     1     1     1     0     0     3     0     1   850     0
   614     2     7     0     5     7     1     3     0     0     0     1     0     3     1     1   879     0
   615     2     6     2     3     5     7     1     0     0     1     1     0     2     0     0   729     0
   616     2     6     2     3     5     7     1     0     1     1     1     0     1     0     1   627     0
   617     1     3     1     6     8     2     4     0     0     0     1     0     3     0     1   731     0
   618     1     3     1     6     8     2     4     1     1     0     1     0     1     1     1   832     1
   619     2     6     2     3     5     7     1     1     0     0     0     1     3     0     1   602     0
   620     2     6     2     3     5     7     1     1     0     0     1     1     1     0     0   599     0
   621     2     5     0     1     3     5     7     1     1     1     0     0     2     0     1   696     0
   622     2     5     0     1     3     5     7     0     1     0     1     0     1     1     0   676     0
   623     2     8     1     7     1     3     5     1     0     1     1     0     2     1     1   931     1
   624     2     8     1     7     1     3     5     1     1     1     1     1     1     0     1   607     1
   625     2     5     0     1     3     5     7     1     1     1     0     1     2     0     0   561     0
   626     2     5     0     1     3     5     7     1     0     1     0     1     1     0     1   693     0
   627     1     3     1     6     8     2     4     0     0     1     0     1     3     1     0   941     1
   628     1     3     1     6     8     2     4     0     0     1     1     0     1     0     0   970     0
   629     1     1     2     2     4     6     8     1     0     1     1     0     2     1     0   711     0
   630     1     1     2     2     4     6     8     1     1     0     1     0     1     0     1   616     0
   631     1     1     2     2     4     6     8     1     1     1     0     1     1     0     0   654     0
   632     1     4     1     8     2     4     6     0     0     0     0     0     2     1     1   939     1
   633     2     5     0     1     3     5     7     0     0     1     0     1     3     0     0   626     0
   634     2     5     0     1     3     5     7     1     1     0     0     0     1     1     1   662     0
   635     2     6     2     3     5     7     1     0     1     0     1     0     2     1     0   861     0
   636     2     5     0     1     3     5     7     1     1     0     0     1     2     1     0   620     0
   637     1     3     1     6     8     2     4     0     0     0     0     1     3     1     1   914     0
   638     1     1     2     2     4     6     8     0     1     0     0     0     2     0     1   772     0
   639     1     4     1     8     2     4     6     0     0     0     0     1     2     0     1   882     1
   640     1     1     2     2     4     6     8     1     0     0     1     1     2     1     0   676     0
   641     1     4     1     8     2     4     6     0     1     1     1     0     2     1     1   873     0
   642     1     4     1     8     2     4     6     0     0     1     0     1     1     0     1   809     0
   643     2     6     2     3     5     7     1     0     0     0     1     0     3     0     0   619     0
   644     2     7     0     5     7     1     3     0     1     1     1     0     2     0     1   813     0
   645     2     5     0     1     3     5     7     0     0     1     0     0     2     0     1   803     0
   646     2     5     0     1     3     5     7     1     0     1     1     0     1     1     0   720     0
   647     2     7     0     5     7     1     3     0     1     0     0     0     2     1     1   808     0
   648     2     7     0     5     7     1     3     0     1     1     0     1     1     0     0   616     0
   649     2     7     0     5     7     1     3     0     1     0     1     1     1     0     0   543     0
   650     2     8     1     7     1     3     5     1     0     1     1     0     2     1     1   923     0
   651     2     7     0     5     7     1     3     0     1     0     0     0     2     1     1   673     0
   652     2     7     0     5     7     1     3     0     0     0     1     0     1     0     1   735     0
   653     1     2     2     4     6     8     2     0     0     0     0     0     3     0     0   900     0
   654     1     2     2     4     6     8     2     0     0     0     1     0     1     0     0   680     0
   655     2     6     2     3     5     7     1     0     1     1     0     1     3     0     1   629     0
   656     2     6     2     3     5     7     1     1     1     1     0     1     1     1     0   525     0
   657     2     8     1     7     1     3     5     1     1     0     1     0     2     0     0   619     0
   658     2     5     0     1     3     5     7     0     0     0     1     0     2     1     1   600     0
   659     1     2     2     4     6     8     2     1     1     1     0     1     3     1     1   842     0
   660     1     2     2     4     6     8     2     1     0     0     0     0     1     0     1   601     0
   661     1     1     2     2     4     6     8     0     0     1     1     0     2     1     0   877     0
   662     1     1     2     2     4     6     8     1     0     0     0     0     1     1     0   633     0
   663     1     1     2     2     4     6     8     1     1     1     1     1     1     0     1   776     0
   664     1     1     2     2     4     6     8     0     0     1     1     1     1     1     1   572     0
   665     2     6     2     3     5     7     1     1     1     0     1     0     3     1     1   530     0
   666     2     7     0     5     7     1     3     1     1     1     0     1     2     0     0   809     0
   667     1     1     2     2     4     6     8     1     1     0     0     1     3     0     0   677     0
   668     1     1     2     2     4     6     8     0     0     0     1     1     1     1     1   634     0
   669     1     1     2     2     4     6     8     0     0     1     0     1     1     0     0   624     1
   670     1     1     2     2     4     6     8     1     1     0     0     0     1     1     1   535     0
   671     2     8     1     7     1     3     5     0     1     0     0     0     3     1     0   819     0
   672     2     8     1     7     1     3     5     0     1     0     1     0     1     0     0   573     0
   673     1     1     2     2     4     6     8     1     1     0     1     1     3     1     0   816     0
   674     1     1     2     2     4     6     8     0     1     0     1     0     1     1     0   634     0
   675     2     5     0     1     3     5     7     1     0     1     1     1     3     1     1   712     0
   676     2     5     0     1     3     5     7     0     1     1     1     0     1     1     1   577     0
   677     1     1     2     2     4     6     8     1     0     1     0     0     3     1     1   619     0
   678     1     1     2     2     4     6     8     0     1     0     1     1     1     1     1   583     0
   679     1     3     1     6     8     2     4     1     0     1     0     1     2     1     1   759     0
   680     1     1     2     2     4     6     8     0     1     0     0     1     2     1     1   538     0
   681     2     5     0     1     3     5     7     1     0     0     1     1     3     1     1   558     0
   682     2     5     0     1     3     5     7     1     0     1     0     0     1     0     0   579     0
   683     2     7     0     5     7     1     3     0     1     0     1     1     2     1     1   712     0
   684     2     7     0     5     7     1     3     1     1     1     1     1     1     1     0   517     0
   685     1     3     1     6     8     2     4     0     0     0     1     1     3     1     1   815     1
   686     2     6     2     3     5     7     1     1     1     1     1     1     3     1     1   695     0
   687     1     2     2     4     6     8     2     0     0     1     0     0     3     1     1   718     0
   688     1     3     1     6     8     2     4     1     1     1     1     0     2     1     1   659     0
   689     1     2     2     4     6     8     2     0     1     1     1     1     2     1     0   580     0
   690     2     5     0     1     3     5     7     1     0     0     1     1     3     1     1   685     0
   691     1     1     2     2     4     6     8     1     0     1     0     0     3     0     0   741     1
   692     1     1     2     2     4     6     8     1     0     1     0     0     1     0     0   590     0
   693     1     1     2     2     4     6     8     1     0     0     0     0     1     0     0   788     0
   694     1     1     2     2     4     6     8     1     0     0     1     1     1     0     0   507     0
   695     1     1     2     2     4     6     8     1     1     1     0     1     1     0     1   908     0
   696     1     1     2     2     4     6     8     0     1     0     1     0     1     1     0   735     0
   697     2     6     2     3     5     7     1     0     1     0     1     0     3     0     0   546     0
   698     1     3     1     6     8     2     4     0     0     0     0     1     3     0     1   685     1
   699     1     1     2     2     4     6     8     0     1     0     0     0     2     0     1   583     0
   700     1     2     2     4     6     8     2     1     0     0     1     0     2     1     1   898     1
   701     2     7     0     5     7     1     3     0     1     1     0     1     3     1     1   589     0
   702     2     8     1     7     1     3     5     1     0     0     0     0     2     1     1   759     1
   703     1     1     2     2     4     6     8     1     1     1     0     0     3     0     1   878     0
   704     2     8     1     7     1     3     5     0     0     1     1     0     3     1     1   819     0
   705     2     5     0     1     3     5     7     1     1     0     1     1     2     1     1   702     0
   706     2     5     0     1     3     5     7     0     1     1     0     0     1     1     0   663     0
   707     2     6     2     3     5     7     1     0     0     1     0     0     2     0     1   883     0
   708     2     6     2     3     5     7     1     0     0     0     0     0     1     0     0   572     0
   709     2     6     2     3     5     7     1     0     1     0     1     0     1     0     1   640     0
   710     2     6     2     3     5     7     1     1     0     0     1     0     1     1     1   763     0
   711     2     8     1     7     1     3     5     0     1     1     1     1     2     1     1   608     0
   712     2     5     0     1     3     5     7     0     0     0     1     1     2     0     1   740     0
   713     1     4     1     8     2     4     6     0     1     0     1     1     3     0     1   748     0
   714     1     4     1     8     2     4     6     1     0     1     0     1     1     1     1   823     0
   715     2     5     0     1     3     5     7     0     1     1     1     1     3     1     1   612     0
   716     2     6     2     3     5     7     1     1     1     1     0     0     2     1     0   717     0
   717     2     8     1     7     1     3     5     0     1     0     1     0     2     1     0   746     0
   718     2     8     1     7     1     3     5     1     0     0     1     0     1     1     1   767     0
   719     1     3     1     6     8     2     4     1     1     0     1     1     3     0     1   780     0
   720     1     3     1     6     8     2     4     1     1     0     0     1     1     0     0   845     0
   721     2     7     0     5     7     1     3     1     0     0     0     1     3     0     1   900     0
   722     2     7     0     5     7     1     3     0     0     1     0     0     1     1     0   621     1
   723     1     3     1     6     8     2     4     0     0     1     0     0     3     0     0   814     0
   724     1     3     1     6     8     2     4     0     1     1     0     0     1     0     1   658     0
   725     2     7     0     5     7     1     3     1     1     0     1     0     3     1     0   655     0
   726     2     8     1     7     1     3     5     1     1     0     1     1     2     0     0   639     0
   727     2     5     0     1     3     5     7     1     1     0     1     1     2     0     0   601     0
   728     2     6     2     3     5     7     1     0     1     0     0     1     2     1     0   725     0
   729     2     5     0     1     3     5     7     1     0     0     0     1     2     1     1   768     0
   730     2     6     2     3     5     7     1     0     1     1     0     1     2     1     1   573     0
   731     1     3     1     6     8     2     4     1     1     0     0     1     3     1     0   770     0
   732     1     3     1     6     8     2     4     1     0     0     0     0     1     0     1   783     0
   733     1     3     1     6     8     2     4     0     1     0     1     1     1     1     1   657     0
   734     1     3     1     6     8     2     4     0     0     0     1     0     1     0     1   634     1
   735     2     7     0     5     7     1     3     1     0     0     0     0     3     1     0   700     0
   736     2     7     0     5     7     1     3     1     0     0     1     1     1     0     0   681     0
   737     2     5     0     1     3     5     7     0     1     1     0     1     2     1     1   585     0
   738     2     6     2     3     5     7     1     0     1     0     0     0     2     0     0   611     0
   739     2     6     2     3     5     7     1     1     1     0     0     0     1     1     0   465     0
   740     2     8     1     7     1     3     5     0     0     1     0     1     2     1     1   967     0
   741     1     1     2     2     4     6     8     0     1     0     1     1     3     0     1   550     0
   742     1     1     2     2     4     6     8     1     1     1     1     1     1     1     0   507     0
   743     1     2     2     4     6     8     2     1     0     1     1     0     2     0     1   629     0
   744     1     2     2     4     6     8     2     0     0     1     0     1     1     1     0   538     1
   745     1     2     2     4     6     8     2     0     0     0     0     0     1     0     0   488     0
   746     1     2     2     4     6     8     2     0     0     0     1     0     1     0     0   601     0
   747     1     2     2     4     6     8     2     0     0     1     0     0     1     0     0   533     0
   748     2     7     0     5     7     1     3     1     0     1     1     0     3     1     0   603     0
   749     2     8     1     7     1     3     5     0     1     1     0     0     2     1     1   488     1
   750     1     1     2     2     4     6     8     1     1     0     0     1     3     1     0   597     0
   751     1     3     1     6     8     2     4     1     0     0     1     1     2     0     1   706     0
   752     1     3     1     6     8     2     4     0     0     1     1     1     1     1     0   843     0
   753     1     3     1     6     8     2     4     0     1     0     0     0     1     0     1   671     0
   754     1     3     1     6     8     2     4     1     0     1     0     1     1     1     1   697     0
   755     1     3     1     6     8     2     4     1     0     1     0     1     1     0     0   663     0
   756     1     2     2     4     6     8     2     0     1     0     0     1     2     1     1  1039     0
   757     1     1     2     2     4     6     8     1     0     1     1     1     2     1     1   913     0
   758     1     2     2     4     6     8     2     1     0     1     1     0     2     0     0   719     1
   759     2     6     2     3     5     7     1     1     0     1     0     1     3     0     0   867     0
   760     2     6     2     3     5     7     1     1     1     0     1     0     1     0     1   558     0
   761     1     1     2     2     4     6     8     1     0     0     0     0     3     0     1  1053     0
   762     1     2     2     4     6     8     2     0     0     0     1     1     2     1     0   749     1
   763     1     2     2     4     6     8     2     1     0     1     0     1     1     1     0   586     0
   764     2     5     0     1     3     5     7     0     1     1     0     1     3     1     1   686     0
   765     1     4     1     8     2     4     6     1     0     1     1     0     3     1     1   765     0
   766     1     4     1     8     2     4     6     0     1     1     0     0     1     1     1   586     0
   767     2     8     1     7     1     3     5     1     1     0     0     0     3     1     0   501     1
   768     2     7     0     5     7     1     3     1     1     1     1     0     2     0     0   711     0
   769     1     2     2     4     6     8     2     0     1     0     0     0     3     1     0   542     0
   770     1     2     2     4     6     8     2     1     1     0     0     0     1     1     0   456     0
   771     2     6     2     3     5     7     1     1     0     1     1     1     3     0     1   668     0
   772     2     6     2     3     5     7     1     1     1     0     1     1     1     0     1   492     0
   773     1     1     2     2     4     6     8     1     0     1     1     0     3     0     1   639     0
   774     2     8     1     7     1     3     5     0     1     1     0     1     3     1     1   616     0
   775     2     8     1     7     1     3     5     0     0     1     0     1     1     0     1   743     0
   776     2     8     1     7     1     3     5     1     1     1     1     0     1     1     1   600     0
   777     1     1     2     2     4     6     8     0     0     0     1     1     3     1     1   571     1
   778     1     4     1     8     2     4     6     1     1     0     0     1     2     1     1   902     0
   779     1     2     2     4     6     8     2     1     1     1     1     1     2     0     0   727     0
   780     1     2     2     4     6     8     2     1     1     0     1     0     1     0     0   510     0
   781     1     4     1     8     2     4     6     1     1     1     1     0     2     0     0  1037     1
   782     1     4     1     8     2     4     6     1     1     1     0     0     1     0     0   617     0
   783     2     7     0     5     7     1     3     1     1     1     0     1     3     0     0   551     0
   784     2     8     1     7     1     3     5     1     0     0     0     0     2     0     1   744     0
   785     2     5     0     1     3     5     7     0     1     0     1     1     2     1     1   720     0
   786     2     5     0     1     3     5     7     0     0     1     1     1     1     0     1   589     0
   787     2     8     1     7     1     3     5     0     0     1     0     1     2     0     0   624     0
   788     2     7     0     5     7     1     3     0     0     0     0     0     2     0     0   523     0
   789     1     4     1     8     2     4     6     0     0     1     0     1     3     0     0   574     0
   790     1     4     1     8     2     4     6     1     1     0     0     1     1     1     1   806     1
   791     1     4     1     8     2     4     6     1     0     1     0     1     1     0     1   778     1
   792     1     3     1     6     8     2     4     0     1     1     0     1     2     1     1   593     0
   793     1     2     2     4     6     8     2     1     0     1     0     0     2     1     1   710     0
   794     1     2     2     4     6     8     2     1     0     1     1     1     1     0     0   521     0
   795     1     3     1     6     8     2     4     1     1     1     0     0     2     0     1   682     0
   796     1     3     1     6     8     2     4     0     0     1     1     0     1     1     1   763     0
   797     2     7     0     5     7     1     3     0     0     1     0     1     3     0     0   796     0
   798     2     7     0     5     7     1     3     1     0     0     0     0     1     1     0   530     0
   799     2     8     1     7     1     3     5     0     1     0     1     1     2     1     1   655     0
   800     2     8     1     7     1     3     5     1     0     0     1     0     1     1     1   599     0
   801     1     1     2     2     4     6     8     1     0     1     1     0     3     0     0   672     1
   802     2     6     2     3     5     7     1     1     0     0     1     0     3     0     0   597     0
   803     1     2     2     4     6     8     2     0     1     0     1     1     3     1     1   766     0
   804     2     5     0     1     3     5     7     0     0     1     1     0     3     0     1   748     0
   805     2     7     0     5     7     1     3     0     0     1     0     0     2     0     0   606     0
   806     2     7     0     5     7     1     3     1     0     0     1     1     1     1     0   493     0
   807     1     3     1     6     8     2     4     1     1     0     0     1     3     0     1   668     0
   808     1     3     1     6     8     2     4     0     1     0     0     1     1     1     0   747     0
   809     2     5     0     1     3     5     7     0     1     1     0     0     3     0     0   717     0
   810     2     8     1     7     1     3     5     1     1     1     0     0     2     1     0   655     0
   811     2     7     0     5     7     1     3     1     0     1     0     1     2     0     1   636     0
   812     2     6     2     3     5     7     1     1     0     1     1     0     2     0     0  1122     0
   813     1     2     2     4     6     8     2     1     1     1     1     0     3     0     1   670     0
   814     1     3     1     6     8     2     4     1     0     0     0     1     2     0     1   918     0
   815     1     3     1     6     8     2     4     0     0     0     1     1     1     1     0   691     0
   816     1     2     2     4     6     8     2     1     0     1     1     1     2     1     0   671     1
   817     1     3     1     6     8     2     4     1     1     0     0     1     2     0     1   803     0
   818     1     3     1     6     8     2     4     0     0     0     0     1     1     1     1   851     0
   819     1     1     2     2     4     6     8     0     0     0     1     0     2     0     0  1014     0
   820     1     1     2     2     4     6     8     1     1     1     1     1     1     1     1   597     0
   821     2     5     0     1     3     5     7     0     0     0     1     1     3     1     1   656     0
   822     1     4     1     8     2     4     6     1     1     0     0     1     3     1     1   813     0
   823     1     1     2     2     4     6     8     1     0     1     1     1     2     0     1   784     0
   824     1     1     2     2     4     6     8     1     0     0     1     1     1     0     0   501     0
   825     1     1     2     2     4     6     8     0     1     1     1     0     1     1     1   708     0
   826     2     6     2     3     5     7     1     0     1     1     1     1     3     0     0   535     0
   827     2     6     2     3     5     7     1     1     0     0     0     1     1     1     1   579     0
   828     2     5     0     1     3     5     7     0     0     1     1     0     2     1     0   722     0
   829     2     8     1     7     1     3     5     1     1     0     1     1     2     1     1   780     0
   830     2     8     1     7     1     3     5     0     1     1     1     1     1     1     0   687     0
   831     2     7     0     5     7     1     3     0     0     0     1     0     2     0     1   761     0
   832     2     8     1     7     1     3     5     0     1     1     1     1     2     0     1   641     1
   833     2     7     0     5     7     1     3     1     0     1     1     0     2     1     1   708     0
   834     2     7     0     5     7     1     3     0     0     0     1     1     1     1     0   563     0
   835     2     6     2     3     5     7     1     0     1     0     0     1     2     0     1   600     0
   836     2     7     0     5     7     1     3     0     1     1     1     0     2     0     0   520     1
   837     1     4     1     8     2     4     6     0     1     0     0     0     3     0     0   675     0
   838     1     4     1     8     2     4     6     0     1     0     0     0     1     0     0   761     0
   839     2     8     1     7     1     3     5     0     1     1     0     1     3     0     0   533     0
   840     2     8     1     7     1     3     5     0     1     0     1     1     1     0     0   520     0
   841     2     6     2     3     5     7     1     1     1     1     0     1     2     1     0   738     0
   842     2     6     2     3     5     7     1     0     1     0     1     1     1     1     0   621     0
   843     1     2     2     4     6     8     2     0     1     0     0     0     3     0     0   624     0
   844     1     3     1     6     8     2     4     1     0     0     1     1     2     1     1   772     0
   845     1     1     2     2     4     6     8     1     1     1     0     1     2     0     1   524     0
   846     1     1     2     2     4     6     8     1     0     0     1     1     1     0     1   588     0
   847     1     1     2     2     4     6     8     0     1     0     1     1     1     1     1   570     1
   848     1     1     2     2     4     6     8     0     1     1     1     1     1     0     0   511     0
   849     1     3     1     6     8     2     4     1     0     1     0     0     2     1     1   571     0
   850     2     8     1     7     1     3     5     0     1     1     0     1     3     1     1   732     0
   851     1     2     2     4     6     8     2     0     1     1     1     0     3     0     0   911     0
   852     1     3     1     6     8     2     4     0     1     0     0     0     2     0     0   700     0
   853     2     5     0     1     3     5     7     0     0     0     1     1     3     0     1   978     0
   854     2     5     0     1     3     5     7     1     1     0     0     1     1     1     1   693     0
   855     1     4     1     8     2     4     6     1     1     1     1     1     3     0     0   708     0
   856     1     3     1     6     8     2     4     1     0     0     0     1     2     0     1   988     0
   857     1     4     1     8     2     4     6     1     0     0     0     1     2     0     0   717     0
   858     2     5     0     1     3     5     7     1     1     1     1     1     3     0     1   581     0
   859     1     3     1     6     8     2     4     1     0     0     1     1     3     0     1   715     0
   860     1     1     2     2     4     6     8     1     0     1     0     0     2     0     0   710     0
   861     1     3     1     6     8     2     4     0     1     1     1     1     2     1     1   779     0
   862     1     4     1     8     2     4     6     1     1     1     0     1     2     1     0   807     0
   863     2     8     1     7     1     3     5     0     1     1     0     1     3     1     0   958     0
   864     2     8     1     7     1     3     5     1     1     1     1     0     1     1     0   618     0
   865     2     6     2     3     5     7     1     1     0     0     0     1     2     0     1   640     0
   866     2     8     1     7     1     3     5     1     0     1     0     1     2     0     0   582     0
   867     2     5     0     1     3     5     7     1     0     1     0     0     2     0     0   761     0
   868     1     4     1     8     2     4     6     1     1     0     1     1     3     0     1   737     0
   869     1     1     2     2     4     6     8     0     1     0     0     1     2     1     0   753     0
   870     1     1     2     2     4     6     8     1     0     1     1     0     1     1     1   577     0
   871     1     3     1     6     8     2     4     1     1     1     1     0     2     0     1   654     0
   872     1     4     1     8     2     4     6     1     1     1     0     0     2     0     0   665     0
   873     2     5     0     1     3     5     7     1     1     0     0     1     3     0     0   582     0
   874     2     5     0     1     3     5     7     0     0     0     1     0     1     1     1   794     0
   875     2     7     0     5     7     1     3     0     1     0     1     1     2     0     1   820     0
   876     2     8     1     7     1     3     5     1     0     1     0     0     2     1     1   777     0
   877     2     7     0     5     7     1     3     0     1     1     1     1     2     1     1   780     0
   878     2     7     0     5     7     1     3     1     1     1     0     1     1     1     0   654     0
   879     2     5     0     1     3     5     7     0     1     1     0     0     2     1     0   793     0
   880     2     5     0     1     3     5     7     1     1     1     0     0     1     1     0   567     0
   881     1     2     2     4     6     8     2     1     0     1     1     1     3     0     1   797     0
   882     1     2     2     4     6     8     2     0     1     1     0     1     1     1     1   863     0
   883     1     3     1     6     8     2     4     0     0     1     0     1     2     0     1   951     0
   884     1     3     1     6     8     2     4     0     0     1     1     0     1     0     0   680     0
   885     2     5     0     1     3     5     7     0     0     1     0     0     3     0     0   864     0
   886     1     2     2     4     6     8     2     1     1     0     1     1     3     1     1   527     0
   887     1     4     1     8     2     4     6     1     1     0     1     1     2     0     0   753     0
   888     1     2     2     4     6     8     2     1     0     0     1     0     2     0     1   606     0
   889     1     3     1     6     8     2     4     1     1     1     1     0     2     0     1   830     0
   890     1     3     1     6     8     2     4     1     0     0     0     1     1     0     1   797     0
   891     2     7     0     5     7     1     3     1     0     0     1     0     3     0     0   706     0
   892     2     7     0     5     7     1     3     1     0     1     0     0     1     0     0   748     0
   893     2     6     2     3     5     7     1     0     1     0     0     0     2     1     1   784     0
   894     2     6     2     3     5     7     1     0     1     1     1     0     1     0     0   546     0
   895     2     5     0     1     3     5     7     0     0     0     1     1     2     0     1   576     0
   896     1     4     1     8     2     4     6     0     0     1     0     0     3     0     0   746     0
