     1     1     4     1     8     2     4     6     0     1     0     0     0     2     1     0  1500     2
     2     1     4     1     8     2     4     6     0     1     1     1     0     1     0     0   520     0
     3     2     5     0     1     3     5     7     0     0     1     1     0     3     0     1  1049     0
     4     2     5     0     1     3     5     7     1     0     1     0     1     1     1     0   784     0
     5     1     2     2     4     6     8     2     0     0     1     0     0     3     1     0   879     0
     6     1     4     1     8     2     4     6     1     0     1     1     0     2     1     0  1263     0
     7     1     3     1     6     8     2     4     0     1     0     0     0     2     1     1   778     1
     8     1     4     1     8     2     4     6     0     1     1     1     1     2     0     0  1083     0
     9     1     2     2     4     6     8     2     0     1     1     1     1     2     0     0   768     0
    10     2     7     0     5     7     1     3     0     0     1     1     0     3     0     1   894     0
    11     1     4     1     8     2     4     6     0     1     0     0     0     3     0     1   880     1
    12     1     4     1     8     2     4     6     1     1     1     0     0     1     1     0   769     0
    13     2     5     0     1     3     5     7     1     0     1     0     0     3     0     1   823     0
    14     2     5     0     1     3     5     7     0     0     0     1     0     1     1     0   729     0
    15     1     4     1     8     2     4     6     1     1     1     0     1     3     1     1   790     1
    16     1     4     1     8     2     4     6     0     1     0     0     0     1     1     0   798     0
    17     2     7     0     5     7     1     3     0     0     1     1     1     3     0     1   524     1
    18     2     7     0     5     7     1     3     0     1     1     0     1     1     0     1   693     1
    19     1     4     1     8     2     4     6     1     0     1     0     1     3     1     1   533     1
    20     1     4     1     8     2     4     6     0     1     1     0     1     1     1     1   717     1
    21     1     1     2     2     4     6     8     0     0     0     0     1     2     0     1   695     0
    22     1     2     2     4     6     8     2     0     0     1     1     1     2     0     0   608     0
    23     2     7     0     5     7     1     3     0     1     1     1     0     3     0     1   507     1
    24     1     2     2     4     6     8     2     1     0     0     0     0     3     1     1   523     0
    25     1     3     1     6     8     2     4     0     0     1     1     1     2     1     0  1500     2
    26     1     4     1     8     2     4     6     0     0     0     0     1     2     0     0  1500     2
    27     1     3     1     6     8     2     4     1     0     1     1     0     2     1     0  1500     2
    28     1     1     2     2     4     6     8     0     1     1     0     0     2     1     1  1500     2
    29     1     1     2     2     4     6     8     0     1     0     0     1     1     0     0   473     1
    30     1     1     2     2     4     6     8     0     1     1     0     0     1     0     0   819     0
    31     2     5     0     1     3     5     7     1     0     1     1     0     3     1     1   550     1
    32     2     5     0     1     3     5     7     0     0     0     0     0     1     1     0   572     0
    33     2     6     2     3     5     7     1     0     0     1     1     0     2     0     0   651     0
    34     2     6     2     3     5     7     1     1     1     0     0     1     1     1     1   549     0
    35     2     7     0     5     7     1     3     1     1     1     0     0     2     0     0   459     1
    36     2     7     0     5     7     1     3     1     0     1     0     1     1     0     1   684     0
    37     2     7     0     5     7     1     3     0     1     1     0     0     1     1     1   691     1
    38     2     7     0     5     7     1     3     1     0     0     0     1     1     1     1   620     1
    39     1     2     2     4     6     8     2     1     1     1     1     1     3     0     1   718     1
    40     1     2     2     4     6     8     2     1     1     1     0     0     1     0     0   674     0
    41     2     6     2     3     5     7     1     1     1     1     0     0     3     0     0   512     0
    42     1     1     2     2     4     6     8     1     0     1     0     0     3     0     1   626     1
    43     1     3     1     6     8     2     4     1     0     0     1     1     2     0     0   800     0
    44     1     3     1     6     8     2     4     1     0     0     0     1     1     0     0   621     0
    45     1     1     2     2     4     6     8     0     1     0     0     0     2     1     1   683     1
    46     1     3     1     6     8     2     4     1     1     0     0     1     2     1     0   771     0
    47     1     2     2     4     6     8     2     1     1     1     1     1     2     0     0   593     0
    48     1     2     2     4     6     8     2     1     0     0     0     1     1     0     1   687     0
    49     2     8     1     7     1     3     5     1     1     0     0     1     3     0     1   662     0
    50     2     8     1     7     1     3     5     0     1     0     0     0     1     1     0   713     0
    51     1     1     2     2     4     6     8     0     0     0     0     1     3     0     1   666     0
    52     1     4     1     8     2     4     6     1     0     0     1     1     2     1     0   686     0
    53     1     4     1     8     2     4     6     1     1     1     0     0     1     0     1   676     1
    54     1     4     1     8     2     4     6     1     1     0     1     1     1     0     0   782     1
    55     1     4     1     8     2     4     6     1     1     0     1     1     1     0     0   599     0
    56     1     3     1     6     8     2     4     1     0     0     0     1     2     0     1   572     1
    57     1     2     2     4     6     8     2     1     1     1     0     0     2     0     1   625     0
    58     2     5     0     1     3     5     7     1     1     0     0     0     3     0     0   563     1
    59     2     5     0     1     3     5     7     0     1     1     0     1     1     1     0   344     0
    60     2     5     0     1     3     5     7     0     1     0     1     1     1     0     0   456     0
    61     1     1     2     2     4     6     8     0     1     1     0     1     3     0     0   420     0
    62     1     1     2     2     4     6     8     1     0     0     0     0     1     1     1   511     1
    63     2     5     0     1     3     5     7     0     1     0     1     1     3     1     1   783     0
    64     1     4     1     8     2     4     6     1     0     0     1     0     3     1     1   778     0
    65     1     3     1     6     8     2     4     0     0     0     0     0     2     1     0   662     0
    66     1     3     1     6     8     2     4     1     1     1     1     1     1     1     1   516     0
    67     1     1     2     2     4     6     8     1     0     1     1     0     2     0     1   731     0
    68     2     8     1     7     1     3     5     1     1     1     1     0     3     0     1   546     0
    69     1     3     1     6     8     2     4     0     1     1     1     0     3     1     0   667     1
    70     1     1     2     2     4     6     8     0     1     0     1     1     2     0     0   683     0
    71     1     2     2     4     6     8     2     1     0     0     0     0     2     1     1   812     0
    72     1     2     2     4     6     8     2     1     1     0     0     1     1     0     1   692     1
    73     1     3     1     6     8     2     4     1     1     1     0     1     2     0     0   863     0
    74     1     3     1     6     8     2     4     1     0     1     0     1     1     0     1   826     0
    75     1     3     1     6     8     2     4     1     1     1     1     1     1     0     1   698     0
    76     2     8     1     7     1     3     5     1     1     0     0     0     3     0     0   654     0
    77     2     6     2     3     5     7     1     1     1     1     1     0     2     0     0   797     0
    78     2     5     0     1     3     5     7     0     0     1     1     1     2     1     1   677     0
    79     1     1     2     2     4     6     8     1     0     0     0     1     3     1     0   774     0
    80     1     2     2     4     6     8     2     0     1     1     1     0     2     1     1   773     0
    81     1     4     1     8     2     4     6     1     1     0     0     0     2     1     0   761     1
    82     1     4     1     8     2     4     6     0     0     1     0     1     1     1     1   718     0
    83     1     3     1     6     8     2     4     0     1     0     1     1     2     0     1   765     1
    84     1     3     1     6     8     2     4     0     0     1     1     0     1     0     1   780     0
    85     2     7     0     5     7     1     3     0     0     1     0     1     3     0     0   730     0
    86     1     4     1     8     2     4     6     0     1     1     0     0     3     0     1   729     0
    87     2     6     2     3     5     7     1     1     0     1     0     0     3     1     1   634     0
    88     2     5     0     1     3     5     7     0     1     0     0     0     2     1     1   747     1
    89     2     5     0     1     3     5     7     1     1     0     1     0     1     1     0   730     0
    90     2     6     2     3     5     7     1     1     1     1     1     1     2     0     0   693     0
    91     1     1     2     2     4     6     8     1     1     0     1     1     3     0     0   665     0
    92     1     1     2     2     4     6     8     1     1     1     1     1     1     0     0   588     0
    93     2     7     0     5     7     1     3     1     0     0     0     1     3     0     1   696     0
    94     1     4     1     8     2     4     6     0     1     1     1     0     3     1     1   729     0
    95     1     4     1     8     2     4     6     1     1     1     1     0     1     1     0   603     0
    96     1     1     2     2     4     6     8     1     0     1     0     0     2     0     1   768     0
    97     1     4     1     8     2     4     6     1     0     0     1     1     2     0     0   657     1
    98     1     4     1     8     2     4     6     1     1     0     1     1     1     0     1   828     0
    99     1     4     1     8     2     4     6     0     0     0     1     0     1     1     1   844     0
   100     1     4     1     8     2     4     6     1     0     1     1     1     1     1     0   823     0
   101     1     4     1     8     2     4     6     0     1     0     0     0     1     1     1   782     1
   102     1     4     1     8     2     4     6     0     1     0     1     1     1     0     0  1009     0
   103     2     7     0     5     7     1     3     0     0     1     1     1     3     0     1   752     0
   104     2     7     0     5     7     1     3     0     1     1     0     0     1     0     1   893     0
   105     2     7     0     5     7     1     3     0     1     0     1     0     1     0     0  1288     0
   106     2     7     0     5     7     1     3     1     0     0     1     0     1     1     1   653     0
   107     2     7     0     5     7     1     3     0     1     1     1     1     1     1     1   691     0
   108     1     4     1     8     2     4     6     0     1     1     1     1     3     0     0   793     0
   109     2     7     0     5     7     1     3     0     1     0     0     0     3     0     0   948     1
   110     2     7     0     5     7     1     3     0     1     0     1     1     1     0     0   705     0
   111     1     1     2     2     4     6     8     0     0     0     1     0     3     0     1   680     1
   112     2     6     2     3     5     7     1     1     1     1     0     1     3     1     1   683     0
   113     2     7     0     5     7     1     3     1     0     0     0     0     2     0     1   688     1
   114     2     8     1     7     1     3     5     0     1     0     1     0     2     1     1   962     1
   115     2     7     0     5     7     1     3     1     0     0     1     0     2     1     1   674     0
   116     2     8     1     7     1     3     5     0     1     0     0     0     2     1     1   573     0
   117     2     7     0     5     7     1     3     0     1     1     0     0     2     0     0   741     0
   118     2     7     0     5     7     1     3     1     1     1     1     0     1     1     0   700     1
   119     1     3     1     6     8     2     4     0     1     0     1     0     3     1     0   709     0
   120     1     2     2     4     6     8     2     1     1     0     1     1     2     1     0   653     0
   121     2     5     0     1     3     5     7     0     1     0     1     1     3     1     0   541     0
   122     2     5     0     1     3     5     7     1     1     1     1     1     1     1     0   507     0
   123     2     7     0     5     7     1     3     1     1     0     0     1     2     0     0   565     1
   124     2     5     0     1     3     5     7     1     1     1     1     0     2     0     0   660     0
   125     1     2     2     4     6     8     2     1     0     0     0     1     3     0     1   620     0
   126     1     3     1     6     8     2     4     1     0     1     0     0     2     0     0   787     1
   127     2     7     0     5     7     1     3     1     1     1     1     1     3     0     1   776     0
   128     2     7     0     5     7     1     3     0     1     0     1     0     1     1     0   827     1
   129     1     1     2     2     4     6     8     1     1     0     0     0     3     1     0   838     1
   130     1     2     2     4     6     8     2     0     0     1     0     0     2     1     1   806     1
   131     2     5     0     1     3     5     7     0     0     0     1     0     3     0     0   973     1
   132     2     5     0     1     3     5     7     1     1     1     1     0     1     1     1   607     0
   133     1     2     2     4     6     8     2     0     0     1     0     0     3     1     1   655     0
   134     1     2     2     4     6     8     2     1     1     0     1     1     1     1     1   716     0
   135     2     7     0     5     7     1     3     0     1     0     1     0     3     1     0   683     0
   136     2     8     1     7     1     3     5     0     0     1     0     1     2     0     1   666     0
   137     2     5     0     1     3     5     7     0     0     1     1     1     2     0     0   756     1
   138     2     6     2     3     5     7     1     1     0     1     1     1     2     1     0   790     0
   139     2     6     2     3     5     7     1     1     0     1     0     1     1     0     0   570     0
   140     2     6     2     3     5     7     1     1     1     0     0     1     1     0     1   563     0
   141     2     5     0     1     3     5     7     1     1     1     1     0     2     0     0  1056     0
   142     2     8     1     7     1     3     5     1     1     1     0     0     2     0     0   664     0
   143     1     4     1     8     2     4     6     1     0     1     1     0     3     0     1   758     0
   144     1     4     1     8     2     4     6     0     1     1     0     0     1     1     1   650     0
   145     2     8     1     7     1     3     5     0     1     1     0     1     3     0     0   727     0
   146     2     8     1     7     1     3     5     1     1     1     1     0     1     1     0   477     0
   147     2     8     1     7     1     3     5     1     1     0     0     0     1     0     0   533     0
   148     2     6     2     3     5     7     1     1     0     1     0     1     2     0     1   638     0
   149     2     5     0     1     3     5     7     0     0     1     0     0     2     1     0   955     1
   150     2     5     0     1     3     5     7     0     0     0     0     1     1     0     0   735     0
   151     2     7     0     5     7     1     3     1     1     1     1     0     2     1     1   810     1
   152     2     6     2     3     5     7     1     1     0     0     0     1     2     0     1   694     0
   153     1     4     1     8     2     4     6     0     1     1     1     1     3     1     1   641     0
   154     1     4     1     8     2     4     6     1     0     1     0     0     1     1     1   702     0
   155     2     6     2     3     5     7     1     0     1     0     0     0     3     1     1   599     0
   156     2     6     2     3     5     7     1     0     1     0     1     1     1     0     0   642     0
   157     1     4     1     8     2     4     6     0     1     1     0     1     3     0     0   742     0
   158     1     4     1     8     2     4     6     0     0     1     1     1     1     0     1   703     0
   159     1     2     2     4     6     8     2     0     1     0     1     0     2     0     1   796     0
   160     2     7     0     5     7     1     3     1     1     0     1     0     3     1     0   758     0
   161     2     6     2     3     5     7     1     0     1     1     0     1     2     1     0   650     0
   162     2     6     2     3     5     7     1     0     1     0     1     1     1     0     0   582     0
   163     1     2     2     4     6     8     2     0     1     0     0     1     3     0     0   525     0
   164     1     2     2     4     6     8     2     0     1     1     0     1     1     0     0   576     0
   165     1     2     2     4     6     8     2     0     0     1     0     1     1     0     1   644     0
   166     1     2     2     4     6     8     2     0     1     0     1     1     1     0     1   529     0
   167     1     2     2     4     6     8     2     0     0     1     0     0     1     0     1   621     1
   168     1     2     2     4     6     8     2     0     1     0     0     1     1     0     1   549     0
   169     2     7     0     5     7     1     3     0     1     1     1     0     3     0     0   763     0
   170     2     8     1     7     1     3     5     0     1     0     0     0     2     0     0   677     0
   171     1     3     1     6     8     2     4     0     0     1     1     1     3     0     1   889     0
   172     1     3     1     6     8     2     4     1     0     0     0     1     1     1     0   690     1
   173     2     7     0     5     7     1     3     1     1     1     0     0     3     0     1   703     0
   174     2     5     0     1     3     5     7     1     1     0     1     0     2     0     0   703     0
   175     2     7     0     5     7     1     3     1     0     1     1     0     2     0     1   597     1
   176     2     6     2     3     5     7     1     1     1     0     0     0     2     0     1   581     1
   177     1     1     2     2     4     6     8     0     1     0     0     0     3     1     0   621     1
   178     1     1     2     2     4     6     8     0     0     0     1     1     1     0     1   692     0
   179     2     8     1     7     1     3     5     1     0     0     0     0     3     1     0   564     0
   180     2     8     1     7     1     3     5     1     1     0     1     1     1     0     1   605     0
   181     1     2     2     4     6     8     2     0     0     0     1     1     3     1     1   738     0
   182     1     2     2     4     6     8     2     1     1     1     0     1     1     1     1   592     0
   183     2     5     0     1     3     5     7     0     1     0     0     1     3     1     0   780     0
   184     2     5     0     1     3     5     7     0     0     1     0     1     1     0     1   729     0
   185     1     4     1     8     2     4     6     1     1     1     0     0     3     1     1   831     0
   186     1     4     1     8     2     4     6     0     1     1     0     1     1     1     0   752     0
   187     1     2     2     4     6     8     2     0     1     0     0     1     2     0     0   823     1
   188     1     4     1     8     2     4     6     1     1     1     0     1     2     1     0   865     0
   189     1     4     1     8     2     4     6     1     0     0     0     1     1     0     1   713     0
   190     1     2     2     4     6     8     2     0     1     1     1     0     2     1     1   763     0
   191     2     8     1     7     1     3     5     1     1     0     0     0     3     1     0   593     0
   192     2     5     0     1     3     5     7     0     0     1     0     1     2     1     1   578     1
   193     2     5     0     1     3     5     7     0     1     0     1     1     1     0     1   692     0
   194     2     7     0     5     7     1     3     0     1     1     0     0     2     0     0   774     0
   195     1     1     2     2     4     6     8     0     0     0     1     0     3     0     1  1024     0
   196     1     4     1     8     2     4     6     1     0     0     0     1     2     1     0   741     1
   197     2     8     1     7     1     3     5     0     1     1     1     1     3     1     1   608     0
   198     2     5     0     1     3     5     7     1     1     1     0     0     2     1     0   691     0
   199     1     4     1     8     2     4     6     0     1     1     1     1     3     1     0   698     0
   200     1     4     1     8     2     4     6     0     0     0     1     1     1     0     1   714     0
   201     1     2     2     4     6     8     2     0     0     1     1     0     2     0     0   655     0
   202     1     2     2     4     6     8     2     0     1     1     0     0     1     0     1   564     0
   203     1     2     2     4     6     8     2     0     1     1     0     0     1     0     0   590     0
   204     1     1     2     2     4     6     8     1     1     1     0     1     2     1     0  1015     1
   205     1     3     1     6     8     2     4     1     0     1     0     0     2     0     1   960     1
   206     1     2     2     4     6     8     2     1     1     0     0     0     2     0     1   633     0
   207     2     6     2     3     5     7     1     1     0     0     1     0     3     0     1   830     0
   208     2     7     0     5     7     1     3     0     1     1     1     1     2     1     1   848     0
   209     2     8     1     7     1     3     5     1     0     1     0     1     2     1     1   832     0
   210     1     1     2     2     4     6     8     1     1     0     1     1     3     0     1   884     1
   211     1     1     2     2     4     6     8     0     0     0     1     0     1     1     1   727     1
   212     1     4     1     8     2     4     6     1     1     1     0     1     2     1     1   863     0
   213     2     8     1     7     1     3     5     1     1     0     0     0     3     0     0   730     0
   214     2     7     0     5     7     1     3     0     0     1     0     0     2     1     1   734     0
   215     2     6     2     3     5     7     1     1     1     0     0     0     2     1     1   784     0
   216     2     6     2     3     5     7     1     0     1     1     0     1     1     1     0   660     0
   217     2     5     0     1     3     5     7     0     1     1     1     0     2     0     0   709     1
   218     1     2     2     4     6     8     2     1     1     1     0     1     3     1     0   877     0
   219     2     8     1     7     1     3     5     0     0     1     0     0     3     1     1   813     0
   220     2     5     0     1     3     5     7     0     1     1     1     0     2     0     1   775     0
   221     1     1     2     2     4     6     8     0     1     1     1     1     3     0     0   816     0
   222     1     1     2     2     4     6     8     0     0     1     0     1     1     0     1   672     0
   223     2     8     1     7     1     3     5     0     1     1     1     1     3     0     1   563     0
   224     2     8     1     7     1     3     5     1     0     0     1     0     1     1     1   872     1
   225     1     2     2     4     6     8     2     1     0     0     0     1     3     0     0   816     0
   226     1     2     2     4     6     8     2     0     1     1     1     1     1     1     1   790     0
   227     2     5     0     1     3     5     7     1     0     0     0     1     3     1     1   752     1
   228     2     5     0     1     3     5     7     0     1     1     1     0     1     1     1   808     0
   229     2     6     2     3     5     7     1     1     1     0     0     1     2     1     0   707     0
   230     2     6     2     3     5     7     1     0     0     0     0     1     1     1     1   581     0
   231     2     6     2     3     5     7     1     0     0     0     1     0     1     0     0   609     0
   232     2     6     2     3     5     7     1     0     1     1     1     1     1     0     1   594     0
   233     2     8     1     7     1     3     5     1     0     0     1     1     2     1     1   801     1
   234     2     8     1     7     1     3     5     1     1     1     0     0     1     0     1   663     0
   235     2     7     0     5     7     1     3     0     0     1     1     1     2     1     1   684     0
   236     2     6     2     3     5     7     1     0     0     0     0     1     2     0     0   712     0
   237     2     7     0     5     7     1     3     1     1     0     0     0     2     1     1   743     0
   238     2     7     0     5     7     1     3     0     0     0     0     1     1     1     1   744     0
   239     2     8     1     7     1     3     5     0     1     0     0     0     2     0     1   639     0
   240     2     8     1     7     1     3     5     1     0     0     1     1     1     1     1   688     0
   241     2     6     2     3     5     7     1     1     1     1     0     1     2     0     1   891     1
   242     2     6     2     3     5     7     1     0     0     0     1     1     1     1     1   914     0
   243     2     8     1     7     1     3     5     0     1     0     1     0     2     0     1   620     0
   244     2     5     0     1     3     5     7     1     0     1     0     1     2     1     1  1016     0
   245     2     5     0     1     3     5     7     1     1     0     1     0     1     0     1   774     0
   246     2     5     0     1     3     5     7     0     0     1     0     0     1     1     1   773     0
   247     1     3     1     6     8     2     4     0     0     1     0     0     3     0     0   843     0
   248     1     3     1     6     8     2     4     0     1     0     1     1     1     0     1  1032     0
   249     2     7     0     5     7     1     3     1     0     0     1     0     3     1     1  1099     0
   250     2     7     0     5     7     1     3     0     0     0     0     0     1     1     0   945     0
   251     2     6     2     3     5     7     1     0     0     1     0     1     2     0     0   785     0
   252     2     6     2     3     5     7     1     0     0     0     0     0     1     0     0   716     0
   253     2     5     0     1     3     5     7     0     0     1     1     1     2     0     0   809     0
   254     2     5     0     1     3     5     7     0     1     0     0     1     1     0     1   749     0
   255     2     5     0     1     3     5     7     1     0     1     0     1     1     1     1   911     1
   256     2     6     2     3     5     7     1     1     0     1     1     1     2     0     0   767     0
   257     1     4     1     8     2     4     6     1     0     0     1     1     3     0     0   776     0
   258     1     1     2     2     4     6     8     1     0     1     0     0     2     0     0   786     0
   259     2     7     0     5     7     1     3     0     0     0     1     0     3     1     0   802     0
   260     2     6     2     3     5     7     1     1     0     1     0     0     2     1     0   644     0
   261     2     6     2     3     5     7     1     1     0     0     1     0     1     0     0   576     0
   262     1     1     2     2     4     6     8     1     1     1     1     1     3     0     1   763     0
   263     2     7     0     5     7     1     3     1     1     1     1     0     3     0     0   834     0
   264     2     5     0     1     3     5     7     1     1     0     1     1     2     0     0   771     0
   265     1     3     1     6     8     2     4     1     1     0     0     1     3     0     0   855     0
   266     1     3     1     6     8     2     4     1     0     0     0     1     1     0     1   916     0
   267     2     6     2     3     5     7     1     0     0     1     1     1     3     1     0   824     0
   268     2     6     2     3     5     7     1     1     1     1     1     0     1     1     1  1059     0
   269     1     4     1     8     2     4     6     0     1     1     1     0     3     1     0   775     0
   270     2     5     0     1     3     5     7     1     0     0     0     1     3     1     1   649     0
   271     1     3     1     6     8     2     4     0     0     1     1     0     3     1     0   785     1
   272     1     3     1     6     8     2     4     0     1     0     1     1     1     0     1   872     0
   273     2     6     2     3     5     7     1     0     1     1     0     1     3     0     0   631     0
   274     2     6     2     3     5     7     1     0     0     1     1     0     1     0     1   589     0
   275     1     3     1     6     8     2     4     1     1     0     0     1     3     1     1   799     1
   276     1     3     1     6     8     2     4     1     0     1     0     1     1     0     1   751     0
   277     2     7     0     5     7     1     3     0     0     1     0     1     3     1     0   812     0
   278     2     7     0     5     7     1     3     0     0     1     0     1     1     0     0   699     0
   279     1     3     1     6     8     2     4     1     0     0     1     0     3     1     0   644     0
   280     1     3     1     6     8     2     4     0     0     0     0     1     1     1     0  1030     1
   281     1     4     1     8     2     4     6     0     0     1     1     0     2     0     0   902     0
   282     1     2     2     4     6     8     2     0     1     1     1     0     2     0     1   945     0
   283     2     7     0     5     7     1     3     1     1     1     1     0     3     1     0   791     0
   284     1     2     2     4     6     8     2     1     0     1     0     0     3     0     1   636     0
   285     2     5     0     1     3     5     7     1     0     0     0     0     3     0     0  1049     1
   286     2     5     0     1     3     5     7     0     1     0     1     1     1     1     1   633     0
   287     2     8     1     7     1     3     5     1     1     1     0     0     2     1     0   935     0
   288     2     8     1     7     1     3     5     0     0     1     1     0     1     1     1   923     1
   289     2     8     1     7     1     3     5     0     0     1     0     0     1     0     0  1089     0
   290     1     3     1     6     8     2     4     0     1     1     1     1     3     0     1   681     0
   291     1     4     1     8     2     4     6     0     1     1     1     0     2     0     0   786     1
   292     1     1     2     2     4     6     8     0     1     0     1     0     2     0     0   863     0
   293     2     8     1     7     1     3     5     0     0     0     0     0     3     0     1   856     0
   294     2     8     1     7     1     3     5     1     0     0     1     0     1     1     0   702     0
   295     1     1     2     2     4     6     8     1     1     1     1     0     3     0     1   715     0
   296     1     1     2     2     4     6     8     1     0     1     0     0     1     0     1   740     1
   297     1     2     2     4     6     8     2     1     0     0     1     0     2     0     0   643     0
   298     1     2     2     4     6     8     2     1     1     0     0     1     1     0     1  1079     1
   299     2     7     0     5     7     1     3     0     0     0     1     1     3     1     1  1345     1
   300     2     7     0     5     7     1     3     1     1     1     0     0     1     1     1   889     0
   301     2     6     2     3     5     7     1     0     1     0     1     0     2     1     0  1115     0
   302     2     7     0     5     7     1     3     0     0     0     0     0     2     0     1   896     0
   303     2     5     0     1     3     5     7     0     1     0     0     0     2     0     1   781     0
   304     2     5     0     1     3     5     7     1     0     0     0     0     1     1     1  1277     0
   305     2     6     2     3     5     7     1     0     0     0     0     1     2     1     0   845     0
   306     2     7     0     5     7     1     3     0     1     0     1     0     2     0     1   672     0
   307     1     3     1     6     8     2     4     0     1     0     0     0     3     0     0   675     1
   308     1     3     1     6     8     2     4     0     1     1     1     0     1     0     0   896     0
   309     2     6     2     3     5     7     1     1     1     0     1     1     3     1     0   801     0
   310     2     7     0     5     7     1     3     1     1     0     0     1     2     0     0  1127     0
   311     1     2     2     4     6     8     2     1     1     0     1     0     3     0     0   877     1
   312     2     5     0     1     3     5     7     0     0     0     0     0     3     1     1   802     0
   313     2     5     0     1     3     5     7     1     1     1     0     0     1     1     1   702     0
   314     2     5     0     1     3     5     7     0     0     0     1     0     1     1     1   758     1
   315     1     2     2     4     6     8     2     1     0     1     0     0     3     1     0   667     0
   316     1     3     1     6     8     2     4     1     0     1     1     0     2     0     0   793     0
   317     2     8     1     7     1     3     5     0     0     1     1     0     3     1     0   833     1
   318     2     8     1     7     1     3     5     0     1     1     1     1     1     0     1   608     0
   319     2     5     0     1     3     5     7     1     0     1     0     1     2     1     1   863     0
   320     2     5     0     1     3     5     7     0     1     1     0     1     1     1     1   642     0
   321     1     1     2     2     4     6     8     1     1     0     0     0     3     1     0   878     1
   322     1     1     2     2     4     6     8     1     1     1     0     0     1     0     0   890     0
   323     1     1     2     2     4     6     8     0     1     1     1     1     1     1     0  1052     1
   324     1     1     2     2     4     6     8     0     0     0     1     0     1     0     1   913     0
   325     1     1     2     2     4     6     8     1     1     0     1     1     1     1     1  1144     0
   326     1     1     2     2     4     6     8     1     0     1     0     0     1     0     1   953     0
   327     1     2     2     4     6     8     2     1     1     0     1     1     2     0     1   752     0
   328     1     2     2     4     6     8     2     1     1     0     1     0     1     0     0   736     1
   329     2     7     0     5     7     1     3     1     0     0     0     0     3     0     1   930     0
   330     2     7     0     5     7     1     3     1     1     0     0     1     1     0     1   687     0
   331     1     2     2     4     6     8     2     1     1     1     1     1     3     0     0   931     0
   332     1     2     2     4     6     8     2     1     0     1     0     1     1     0     1   684     0
   333     1     2     2     4     6     8     2     1     1     1     0     1     1     0     1   631     0
   334     1     2     2     4     6     8     2     0     0     0     0     0     1     1     1   665     0
   335     2     7     0     5     7     1     3     0     0     0     1     1     3     0     0   942     1
   336     2     7     0     5     7     1     3     0     0     0     1     0     1     0     0   599     0
   337     1     4     1     8     2     4     6     1     1     1     1     1     3     1     1  1112     0
   338     1     4     1     8     2     4     6     1     0     0     0     0     1     0     1   666     0
   339     2     5     0     1     3     5     7     1     1     1     0     0     3     0     1   791     1
   340     2     6     2     3     5     7     1     0     0     0     1     1     2     1     1   761     0
   341     1     2     2     4     6     8     2     0     0     0     0     0     3     0     0   542     0
   342     1     1     2     2     4     6     8     1     0     1     0     1     2     1     0   681     1
   343     1     1     2     2     4     6     8     1     0     1     1     1     1     0     0   615     0
   344     2     8     1     7     1     3     5     1     0     1     1     1     3     0     0   598     1
   345     2     6     2     3     5     7     1     0     0     0     0     0     2     1     0   524     0
   346     2     7     0     5     7     1     3     0     1     1     1     1     2     0     1   709     0
   347     2     5     0     1     3     5     7     0     0     0     0     1     2     0     1   797     0
   348     2     5     0     1     3     5     7     1     1     0     0     0     1     1     1   851     0
   349     1     4     1     8     2     4     6     1     0     1     1     0     3     0     1   757     0
   350     1     1     2     2     4     6     8     1     1     1     0     0     2     0     1   788     0
   351     1     4     1     8     2     4     6     1     1     0     0     0     2     0     0   708     1
   352     1     4     1     8     2     4     6     0     0     1     0     1     1     1     1   838     1
   353     1     4     1     8     2     4     6     1     1     1     1     1     1     1     1   760     0
   354     1     4     1     8     2     4     6     0     0     1     0     1     1     1     1   849     0
   355     1     4     1     8     2     4     6     1     0     0     1     0     1     1     0   755     0
   356     2     7     0     5     7     1     3     0     0     0     1     0     3     1     0   697     0
   357     2     5     0     1     3     5     7     0     1     1     1     0     2     0     1   648     0
   358     1     2     2     4     6     8     2     1     1     0     0     1     3     1     0   721     0
   359     2     7     0     5     7     1     3     0     1     0     1     0     3     1     0   754     1
   360     2     7     0     5     7     1     3     1     0     1     1     1     1     1     1   678     0
   361     1     2     2     4     6     8     2     1     1     0     1     1     3     0     1   547     0
   362     2     5     0     1     3     5     7     1     0     0     0     0     3     0     1   668     0
   363     2     8     1     7     1     3     5     1     0     0     0     1     2     0     0   767     1
   364     2     6     2     3     5     7     1     1     1     1     0     1     2     0     1   817     0
   365     2     8     1     7     1     3     5     1     1     1     0     1     2     0     0  1049     0
   366     2     8     1     7     1     3     5     0     1     0     1     1     1     1     0   636     0
   367     1     1     2     2     4     6     8     1     1     1     0     1     3     1     0   717     0
   368     2     6     2     3     5     7     1     0     1     0     0     1     3     1     0   711     0
   369     2     6     2     3     5     7     1     0     1     1     0     1     1     0     0   661     0
   370     1     3     1     6     8     2     4     1     0     0     0     1     3     1     1   760     0
   371     1     1     2     2     4     6     8     1     1     1     1     0     2     0     1   821     0
   372     1     1     2     2     4     6     8     1     1     1     0     0     1     0     0   657     0
   373     2     6     2     3     5     7     1     1     0     1     0     0     3     0     1   589     0
   374     2     6     2     3     5     7     1     0     0     0     1     0     1     1     0   852     1
   375     1     3     1     6     8     2     4     0     1     1     0     1     3     0     1   912     0
   376     1     4     1     8     2     4     6     1     0     1     0     1     2     1     1   832     0
   377     1     1     2     2     4     6     8     1     0     0     1     0     2     0     0   635     0
   378     2     8     1     7     1     3     5     1     1     0     1     0     3     0     1   724     0
   379     2     6     2     3     5     7     1     0     0     0     0     1     2     1     1   726     0
   380     2     6     2     3     5     7     1     1     1     0     1     1     1     1     1   737     0
   381     1     1     2     2     4     6     8     0     0     1     0     1     3     1     1   725     0
   382     1     1     2     2     4     6     8     1     0     1     1     0     1     1     0  1363     0
   383     1     4     1     8     2     4     6     1     0     0     1     1     2     0     0  1063     0
   384     1     3     1     6     8     2     4     1     1     0     0     0     2     0     1   825     0
   385     2     7     0     5     7     1     3     0     1     1     1     0     3     1     0   942     0
   386     2     7     0     5     7     1     3     0     1     0     1     0     1     0     0  1052     0
   387     2     8     1     7     1     3     5     0     1     1     0     1     2     0     0   829     0
   388     2     8     1     7     1     3     5     0     1     1     0     1     1     0     0   684     0
   389     1     1     2     2     4     6     8     0     0     1     1     0     3     0     1   713     0
   390     1     1     2     2     4     6     8     0     0     0     0     1     1     0     0   740     0
   391     1     4     1     8     2     4     6     1     1     0     1     0     2     1     1   728     0
   392     2     7     0     5     7     1     3     1     0     1     1     0     3     0     1   966     0
   393     1     1     2     2     4     6     8     1     0     1     1     1     3     0     0   766     0
   394     1     1     2     2     4     6     8     0     1     1     0     0     1     1     1   709     0
   395     1     2     2     4     6     8     2     1     0     0     1     0     2     1     1   883     0
   396     2     5     0     1     3     5     7     1     1     0     0     1     3     0     1   774     0
   397     1     3     1     6     8     2     4     0     0     0     1     0     3     1     1  1127     0
   398     1     3     1     6     8     2     4     0     0     0     1     1     1     0     0  1053     0
   399     2     7     0     5     7     1     3     1     0     0     0     1     3     1     0   814     0
   400     2     8     1     7     1     3     5     0     1     1     1     1     2     1     1  1437     0
   401     2     7     0     5     7     1     3     1     0     1     0     1     2     1     1   813     0
   402     2     8     1     7     1     3     5     0     1     1     0     1     2     1     1   800     0
   403     1     4     1     8     2     4     6     1     0     1     1     0     3     1     1   752     0
   404     1     4     1     8     2     4     6     0     0     0     1     1     1     1     0  1024     0
   405     2     8     1     7     1     3     5     0     0     0     0     0     3     0     0   920     1
   406     2     8     1     7     1     3     5     1     0     1     0     1     1     1     0   659     0
   407     1     2     2     4     6     8     2     0     0     1     0     0     3     1     0   868     0
   408     1     2     2     4     6     8     2     1     0     1     0     1     1     1     0   660     0
   409     2     7     0     5     7     1     3     0     1     0     0     1     3     1     1  1009     0
   410     2     7     0     5     7     1     3     0     1     1     1     0     1     0     0  1089     0
   411     2     8     1     7     1     3     5     1     1     0     0     0     2     1     0   968     0
   412     2     8     1     7     1     3     5     1     0     0     1     1     1     0     1   858     0
   413     1     4     1     8     2     4     6     1     1     0     0     1     3     0     1  1130     0
   414     1     4     1     8     2     4     6     0     0     0     0     0     1     1     1  1303     0
   415     1     2     2     4     6     8     2     0     0     0     1     0     2     0     0   845     0
   416     1     2     2     4     6     8     2     0     0     1     0     0     1     0     0   814     0
   417     2     6     2     3     5     7     1     1     0     1     1     1     3     1     0   705     1
   418     2     6     2     3     5     7     1     0     0     1     0     1     1     1     0   539     0
   419     2     5     0     1     3     5     7     1     0     0     1     0     2     1     0   593     0
   420     2     5     0     1     3     5     7     0     0     0     1     1     1     1     0  1020     0
   421     1     2     2     4     6     8     2     0     1     0     1     1     3     0     1   785     0
   422     1     3     1     6     8     2     4     1     1     0     0     0     2     1     0   737     0
   423     2     5     0     1     3     5     7     1     1     1     1     0     3     0     0   918     0
   424     2     5     0     1     3     5     7     0     1     0     0     1     1     1     0   876     0
   425     2     8     1     7     1     3     5     0     0     0     0     0     2     0     1  1097     0
   426     1     1     2     2     4     6     8     1     0     1     0     1     3     1     0   973     0
   427     2     6     2     3     5     7     1     0     0     1     0     0     3     1     0  1117     1
   428     2     6     2     3     5     7     1     1     1     1     1     0     1     1     1   615     0
   429     1     3     1     6     8     2     4     0     1     1     1     0     3     1     0  1157     0
   430     2     8     1     7     1     3     5     1     0     0     1     0     3     1     1   812     0
   431     2     8     1     7     1     3     5     1     0     1     1     0     1     0     0   955     0
   432     2     6     2     3     5     7     1     0     0     0     0     0     2     1     0   734     0
   433     1     3     1     6     8     2     4     0     0     1     1     0     3     0     0  1462     0
   434     1     3     1     6     8     2     4     0     0     0     1     0     1     0     0   939     0
   435     2     5     0     1     3     5     7     0     0     1     1     0     3     0     0   903     0
   436     2     5     0     1     3     5     7     1     0     0     0     1     1     1     0   784     0
   437     2     5     0     1     3     5     7     1     1     1     0     0     1     0     1   667     0
   438     2     5     0     1     3     5     7     1     1     1     1     0     1     0     0   795     0
   439     1     1     2     2     4     6     8     0     1     1     0     1     3     1     0  1050     1
   440     1     1     2     2     4     6     8     1     0     0     0     0     1     1     1   800     0
   441     1     3     1     6     8     2     4     1     0     0     0     0     2     0     0   960     1
   442     1     3     1     6     8     2     4     1     0     1     0     1     1     0     0  1315     0
   443     2     8     1     7     1     3     5     0     0     0     0     1     3     1     0   894     0
   444     2     8     1     7     1     3     5     0     0     1     1     1     1     0     0   826     1
   445     2     8     1     7     1     3     5     0     1     0     0     0     1     0     1   683     0
   446     2     8     1     7     1     3     5     1     0     0     0     1     1     1     1   761     0
   447     1     4     1     8     2     4     6     0     0     0     1     0     3     1     0   901     0
   448     1     4     1     8     2     4     6     0     1     0     0     0     1     0     1   872     0
   449     2     8     1     7     1     3     5     0     0     0     0     1     3     0     1   865     1
   450     1     1     2     2     4     6     8     1     1     0     0     1     3     1     1  1008     0
   451     2     8     1     7     1     3     5     1     1     0     0     1     3     0     0   591     0
   452     2     8     1     7     1     3     5     0     0     1     1     1     1     1     1   876     0
   453     1     4     1     8     2     4     6     0     1     0     1     0     3     0     1   661     0
   454     2     5     0     1     3     5     7     0     1     0     1     0     3     0     0   931     0
   455     2     6     2     3     5     7     1     0     0     1     0     0     2     0     1   943     0
   456     1     3     1     6     8     2     4     0     1     0     0     1     3     0     1   724     0
   457     1     1     2     2     4     6     8     0     1     1     0     0     2     0     0   921     0
   458     1     1     2     2     4     6     8     0     0     0     0     0     1     0     1   677     0
   459     2     6     2     3     5     7     1     0     1     1     0     0     3     0     1   690     0
   460     2     8     1     7     1     3     5     0     0     1     1     0     2     0     1   786     1
   461     2     8     1     7     1     3     5     1     0     1     0     1     1     1     0   879     0
   462     2     8     1     7     1     3     5     1     0     0     1     0     1     0     0   744     1
   463     1     1     2     2     4     6     8     0     0     0     1     0     3     1     0   765     0
   464     1     1     2     2     4     6     8     0     0     1     1     0     1     0     0   797     0
   465     2     8     1     7     1     3     5     1     0     0     1     0     3     1     0   766     1
   466     2     8     1     7     1     3     5     1     1     1     1     1     1     0     1   608     0
   467     1     3     1     6     8     2     4     1     0     0     0     1     3     0     1   997     0
   468     2     6     2     3     5     7     1     1     1     1     0     0     3     0     1   806     0
   469     1     2     2     4     6     8     2     1     1     0     0     1     3     0     0   876     0
   470     1     3     1     6     8     2     4     0     0     0     1     1     2     1     1   882     0
   471     2     8     1     7     1     3     5     1     1     0     1     1     3     1     1   707     0
   472     1     1     2     2     4     6     8     1     0     0     1     1     3     0     1   726     0
   473     1     2     2     4     6     8     2     0     0     1     0     1     2     1     0   870     0
   474     1     2     2     4     6     8     2     0     1     1     0     1     1     0     1   986     0
   475     1     2     2     4     6     8     2     0     0     0     1     0     1     0     1   595     0
   476     1     3     1     6     8     2     4     1     1     0     0     1     2     1     1   999     1
   477     1     3     1     6     8     2     4     0     0     0     0     0     1     1     1   851     0
   478     1     1     2     2     4     6     8     1     0     1     0     1     2     1     0   656     0
   479     1     3     1     6     8     2     4     0     1     0     0     1     2     1     1  1233     0
   480     2     8     1     7     1     3     5     0     0     1     1     1     3     0     1   731     0
   481     2     6     2     3     5     7     1     1     1     1     0     0     2     1     1   646     0
   482     2     6     2     3     5     7     1     0     0     1     1     1     1     1     1   692     0
   483     1     4     1     8     2     4     6     0     1     0     0     0     3     0     1   993     0
   484     1     4     1     8     2     4     6     1     1     0     1     0     1     1     0  1084     0
   485     2     5     0     1     3     5     7     1     1     0     1     1     3     0     0   768     0
   486     2     6     2     3     5     7     1     0     1     0     0     1     2     1     0   779     0
   487     1     2     2     4     6     8     2     1     0     1     1     1     3     1     1   862     0
   488     1     2     2     4     6     8     2     0     1     1     0     0     1     1     1   826     0
   489     2     6     2     3     5     7     1     0     0     0     0     0     3     0     1   764     0
   490     2     6     2     3     5     7     1     0     1     1     0     0     1     0     1   615     0
   491     2     8     1     7     1     3     5     1     1     0     0     1     2     1     0   767     0
   492     2     8     1     7     1     3     5     1     0     0     1     1     1     0     1  1042     0
   493     1     1     2     2     4     6     8     1     0     1     1     0     3     0     0   781     0
   494     1     1     2     2     4     6     8     1     1     0     0     1     1     0     1  1030     0
   495     1     2     2     4     6     8     2     0     0     1     1     1     2     1     1   872     0
   496     1     2     2     4     6     8     2     1     1     1     1     1     1     1     1  1047     0
   497     1     2     2     4     6     8     2     0     1     0     1     0     1     1     0   935     0
   498     1     2     2     4     6     8     2     1     1     0     0     1     1     1     0   603     0
   499     1     4     1     8     2     4     6     0     0     0     0     1     2     1     1   694     0
   500     1     4     1     8     2     4     6     0     1     0     0     0     1     0     1   863     0
   501     1     1     2     2     4     6     8     0     0     0     1     1     2     0     1   741     0
   502     2     6     2     3     5     7     1     1     1     1     0     1     3     1     1   746     0
   503     2     5     0     1     3     5     7     0     1     0     1     0     2     1     0   814     0
   504     2     7     0     5     7     1     3     0     1     0     0     1     2     0     0   914     0
   505     1     3     1     6     8     2     4     0     1     0     0     1     3     0     0   881     0
   506     1     4     1     8     2     4     6     0     0     1     0     1     2     0     1  1035     0
   507     2     6     2     3     5     7     1     0     0     0     0     0     3     0     0   637     0
   508     2     6     2     3     5     7     1     0     0     1     1     1     1     0     0   700     0
   509     1     3     1     6     8     2     4     1     0     1     0     1     3     1     0  1027     0
   510     1     2     2     4     6     8     2     0     1     1     0     1     2     1     1   942     1
   511     2     7     0     5     7     1     3     1     0     1     0     0     3     1     1  1046     0
   512     2     8     1     7     1     3     5     1     1     1     0     1     2     0     1   646     0
   513     1     2     2     4     6     8     2     0     0     1     1     1     3     1     1   943     0
   514     1     3     1     6     8     2     4     1     1     0     1     0     2     1     1  1365     1
   515     2     8     1     7     1     3     5     0     0     1     1     0     3     1     1   702     0
   516     2     8     1     7     1     3     5     1     1     1     1     1     1     1     1   708     0
   517     2     5     0     1     3     5     7     1     1     0     0     0     2     0     0   805     0
   518     2     6     2     3     5     7     1     1     1     1     1     1     2     0     0   817     0
   519     1     1     2     2     4     6     8     0     1     1     1     0     3     1     0  1332     1
   520     1     1     2     2     4     6     8     0     1     0     1     0     1     0     0   804     0
   521     1     3     1     6     8     2     4     0     0     0     0     0     2     0     1  1383     1
   522     1     4     1     8     2     4     6     0     0     0     1     1     2     0     0  1059     1
   523     2     7     0     5     7     1     3     1     0     0     0     0     3     1     0   713     0
   524     2     7     0     5     7     1     3     0     0     0     1     1     1     1     0   653     0
   525     2     5     0     1     3     5     7     1     0     0     1     0     2     1     0   893     0
   526     2     6     2     3     5     7     1     1     0     0     0     1     2     0     0   697     0
   527     1     3     1     6     8     2     4     0     0     1     1     0     3     1     0   843     0
   528     1     3     1     6     8     2     4     1     1     1     0     0     1     1     1   786     0
   529     2     8     1     7     1     3     5     1     0     0     0     0     3     0     1   860     0
   530     2     8     1     7     1     3     5     0     0     1     0     1     1     1     0   604     0
   531     2     5     0     1     3     5     7     0     0     0     0     1     2     0     0   861     0
   532     2     5     0     1     3     5     7     0     0     0     1     1     1     0     0   814     0
   533     2     7     0     5     7     1     3     1     0     0     1     1     2     1     0   848     0
   534     2     7     0     5     7     1     3     1     1     0     0     1     1     0     1   947     1
   535     2     5     0     1     3     5     7     0     1     0     0     0     2     1     0   737     0
   536     2     6     2     3     5     7     1     0     0     0     0     1     2     0     1   730     0
   537     1     2     2     4     6     8     2     1     1     0     0     0     3     1     1   751     0
   538     1     2     2     4     6     8     2     0     1     1     0     0     1     1     0   681     0
   539     2     8     1     7     1     3     5     0     1     0     0     1     3     0     0   731     0
   540     2     8     1     7     1     3     5     1     1     1     0     0     1     1     0   645     0
   541     1     3     1     6     8     2     4     0     0     0     1     0     3     1     1   842     0
   542     1     3     1     6     8     2     4     0     0     1     0     1     1     0     0   660     0
   543     1     1     2     2     4     6     8     0     0     1     0     1     2     0     0   823     0
   544     1     1     2     2     4     6     8     0     0     0     0     0     1     0     0   659     0
   545     2     8     1     7     1     3     5     1     0     1     1     0     3     1     0   809     0
   546     2     8     1     7     1     3     5     0     1     0     0     0     1     1     1   617     0
   547     2     7     0     5     7     1     3     0     1     0     0     0     2     0     0   809     0
   548     2     7     0     5     7     1     3     0     0     0     0     0     1     0     1   627     0
   549     1     4     1     8     2     4     6     1     1     1     1     1     3     1     1   932     0
   550     1     4     1     8     2     4     6     0     1     1     0     0     1     1     0   729     0
   551     2     8     1     7     1     3     5     1     0     1     0     0     3     1     1   697     0
   552     2     8     1     7     1     3     5     0     0     0     0     0     1     1     0   807     0
   553     1     3     1     6     8     2     4     1     1     1     0     0     3     1     1   793     0
   554     1     3     1     6     8     2     4     0     0     1     1     0     1     1     1   819     0
   555     2     8     1     7     1     3     5     0     1     1     0     0     3     0     1   686     0
   556     2     8     1     7     1     3     5     1     0     0     0     1     1     1     1   741     0
   557     1     2     2     4     6     8     2     1     0     0     0     1     3     0     0  1215     0
   558     1     2     2     4     6     8     2     0     1     1     1     0     1     1     1  1015     1
   559     2     8     1     7     1     3     5     0     0     0     0     0     3     0     1   601     0
   560     2     8     1     7     1     3     5     0     1     1     1     0     1     0     1   538     0
   561     1     3     1     6     8     2     4     0     0     0     1     1     3     0     1   864     0
   562     1     3     1     6     8     2     4     0     1     1     1     0     1     0     1   891     1
   563     2     6     2     3     5     7     1     1     1     0     0     0     3     1     0   653     0
   564     2     7     0     5     7     1     3     0     0     1     0     0     2     1     1  1003     0
   565     2     6     2     3     5     7     1     0     1     0     0     1     2     0     1   795     0
   566     1     3     1     6     8     2     4     0     1     1     1     0     3     0     0   934     1
   567     1     1     2     2     4     6     8     1     1     0     1     0     2     1     0   762     1
   568     1     2     2     4     6     8     2     1     1     1     1     1     2     0     0   796     0
   569     2     5     0     1     3     5     7     1     1     0     0     0     3     0     0   801     0
   570     1     2     2     4     6     8     2     1     1     0     1     1     3     0     0   822     0
   571     1     3     1     6     8     2     4     1     1     1     1     0     2     0     0  1060     0
   572     2     8     1     7     1     3     5     0     1     1     0     0     3     1     0   712     0
   573     2     6     2     3     5     7     1     1     0     0     1     1     2     1     1   606     0
   574     2     6     2     3     5     7     1     0     0     1     0     0     1     1     0   683     0
   575     1     2     2     4     6     8     2     0     0     1     1     1     3     0     0   693     0
   576     1     2     2     4     6     8     2     0     0     0     0     1     1     0     0   602     0
   577     2     5     0     1     3     5     7     1     0     1     0     1     3     1     0   838     0
   578     2     5     0     1     3     5     7     0     1     1     0     1     1     1     1   630     0
   579     1     3     1     6     8     2     4     1     0     1     0     1     3     1     1   920     0
   580     1     3     1     6     8     2     4     1     0     1     1     0     1     0     0  1173     0
   581     1     4     1     8     2     4     6     1     0     0     1     0     2     0     0   974     0
   582     1     2     2     4     6     8     2     0     0     0     1     0     2     1     0   704     0
   583     1     2     2     4     6     8     2     1     1     1     1     0     1     1     1   854     0
   584     2     7     0     5     7     1     3     1     0     0     0     0     3     0     1   730     0
   585     1     2     2     4     6     8     2     1     1     0     1     0     3     0     1   917     0
   586     1     4     1     8     2     4     6     1     0     1     1     0     2     0     1   803     0
   587     2     6     2     3     5     7     1     1     0     1     1     1     3     0     0   692     0
   588     2     6     2     3     5     7     1     0     1     1     1     1     1     1     1   671     0
   589     2     6     2     3     5     7     1     0     1     0     0     0     1     0     0   673     0
   590     2     6     2     3     5     7     1     1     1     0     0     0     1     1     0   593     0
   591     1     3     1     6     8     2     4     1     1     1     1     1     3     0     0  1077     0
   592     1     3     1     6     8     2     4     0     1     0     1     0     1     1     0  1138     1
   593     1     1     2     2     4     6     8     0     1     1     1     1     2     0     0   901     0
   594     1     1     2     2     4     6     8     1     1     1     0     0     1     1     0   992     0
   595     2     7     0     5     7     1     3     0     1     1     1     1     3     1     0  1038     0
   596     2     7     0     5     7     1     3     0     1     0     1     1     1     0     0   864     0
   597     2     8     1     7     1     3     5     0     1     0     1     0     2     0     0  1026     0
   598     1     3     1     6     8     2     4     1     0     1     1     0     3     1     1   947     0
   599     1     1     2     2     4     6     8     0     1     0     1     0     2     1     1   596     1
   600     1     2     2     4     6     8     2     0     1     0     0     1     2     0     0   821     0
   601     2     5     0     1     3     5     7     0     0     1     0     1     3     0     1   696     0
   602     2     8     1     7     1     3     5     1     0     0     1     0     2     1     0   642     0
   603     1     4     1     8     2     4     6     0     0     0     1     0     3     1     0   930     0
   604     1     4     1     8     2     4     6     1     0     1     1     1     1     1     0   652     0
   605     2     8     1     7     1     3     5     1     1     0     0     0     3     0     1   813     0
   606     2     5     0     1     3     5     7     0     0     1     0     1     2     1     1   685     0
   607     1     3     1     6     8     2     4     0     1     1     1     1     3     0     1   769     0
   608     1     4     1     8     2     4     6     1     1     1     0     0     2     1     0   865     1
   609     1     4     1     8     2     4     6     0     0     0     1     0     1     1     1   741     0
   610     1     4     1     8     2     4     6     0     0     1     0     0     1     0     0   497     0
   611     1     2     2     4     6     8     2     1     1     1     1     1     2     1     1   893     0
   612     1     1     2     2     4     6     8     0     1     0     1     0     2     1     0   742     1
   613     1     1     2     2     4     6     8     1     1     1     1     1     1     1     0   835     0
   614     1     3     1     6     8     2     4     1     0     1     0     1     2     0     1   895     0
   615     2     8     1     7     1     3     5     1     1     1     0     1     3     0     1   841     0
   616     2     5     0     1     3     5     7     1     0     0     0     1     2     0     1   723     0
   617     2     8     1     7     1     3     5     0     1     0     1     0     2     1     1   731     0
   618     2     5     0     1     3     5     7     0     1     0     0     0     2     0     0   640     0
   619     2     5     0     1     3     5     7     0     1     1     0     0     1     0     0   650     0
   620     2     5     0     1     3     5     7     0     1     1     1     1     1     0     0   543     0
   621     2     5     0     1     3     5     7     1     0     0     0     1     1     1     1   664     0
   622     1     4     1     8     2     4     6     0     1     1     1     0     3     1     1   580     0
   623     1     4     1     8     2     4     6     1     0     1     0     1     1     1     1   699     0
   624     2     7     0     5     7     1     3     0     0     1     1     0     3     1     0   807     0
   625     1     2     2     4     6     8     2     1     1     0     1     1     3     1     1   801     0
   626     1     2     2     4     6     8     2     0     1     1     0     1     1     1     0   797     0
   627     2     8     1     7     1     3     5     1     0     1     0     1     3     1     1   845     0
   628     2     7     0     5     7     1     3     1     1     0     1     0     2     0     1   874     0
   629     2     5     0     1     3     5     7     1     0     1     0     0     2     0     1   807     0
   630     2     5     0     1     3     5     7     1     1     0     1     1     1     0     1   568     0
   631     1     2     2     4     6     8     2     1     0     0     1     1     3     0     1   662     0
   632     2     7     0     5     7     1     3     1     0     1     0     1     3     0     0   731     0
   633     2     8     1     7     1     3     5     0     1     0     0     1     2     1     1   642     1
   634     2     8     1     7     1     3     5     0     1     1     0     1     1     0     0   590     0
   635     2     6     2     3     5     7     1     0     0     1     0     0     2     0     1   557     0
   636     2     6     2     3     5     7     1     1     1     0     0     0     1     1     1   644     0
   637     1     3     1     6     8     2     4     0     0     1     1     1     3     1     1   706     0
   638     1     3     1     6     8     2     4     0     0     0     1     0     1     0     0   924     0
   639     2     6     2     3     5     7     1     1     0     0     0     0     3     1     0   554     0
   640     2     6     2     3     5     7     1     1     1     0     0     1     1     0     1   612     0
   641     2     8     1     7     1     3     5     1     0     0     1     1     2     0     1  1057     0
   642     2     7     0     5     7     1     3     1     0     1     0     0     2     0     0   785     0
   643     1     1     2     2     4     6     8     0     1     0     0     1     3     1     1  1275     0
   644     1     2     2     4     6     8     2     0     1     1     1     0     2     0     0   837     0
   645     1     1     2     2     4     6     8     1     1     0     0     0     2     1     0  1059     0
   646     1     2     2     4     6     8     2     0     0     0     0     0     2     1     1   600     0
   647     2     7     0     5     7     1     3     0     1     1     1     0     3     0     1   872     1
   648     2     8     1     7     1     3     5     0     0     0     1     1     2     0     1  1000     0
   649     1     3     1     6     8     2     4     1     0     0     1     0     3     1     0   935     0
   650     2     6     2     3     5     7     1     1     1     0     0     0     3     0     1   971     0
   651     2     7     0     5     7     1     3     0     1     1     0     1     2     1     0   849     0
   652     2     7     0     5     7     1     3     0     1     1     1     0     1     0     0   799     0
   653     2     7     0     5     7     1     3     1     1     0     0     0     1     1     0   780     0
   654     2     7     0     5     7     1     3     0     0     0     1     1     1     1     1   656     0
   655     1     1     2     2     4     6     8     1     1     0     0     1     3     1     1   941     0
   656     1     1     2     2     4     6     8     1     1     0     0     1     1     0     0   853     0
   657     1     4     1     8     2     4     6     0     1     1     0     1     2     1     0   851     0
   658     2     7     0     5     7     1     3     0     0     1     1     0     3     0     1   632     0
   659     1     3     1     6     8     2     4     1     1     1     1     0     3     1     1  1226     1
   660     1     4     1     8     2     4     6     1     1     1     0     1     2     0     0  1049     0
   661     2     6     2     3     5     7     1     1     0     1     0     0     3     0     1   637     0
   662     2     8     1     7     1     3     5     0     1     0     1     1     2     1     1   897     0
   663     2     5     0     1     3     5     7     1     0     1     0     0     2     1     1   680     0
   664     2     5     0     1     3     5     7     0     0     1     0     0     1     1     0   572     0
   665     1     2     2     4     6     8     2     1     1     1     0     0     3     1     1   690     0
   666     1     1     2     2     4     6     8     0     1     0     1     0     2     1     0   937     0
   667     2     7     0     5     7     1     3     0     0     1     0     1     3     0     1   781     0
   668     1     2     2     4     6     8     2     1     0     0     1     0     3     1     0   794     0
   669     1     4     1     8     2     4     6     0     0     0     0     0     2     1     0   792     0
   670     1     4     1     8     2     4     6     0     1     1     1     0     1     0     1   927     0
   671     1     4     1     8     2     4     6     1     1     0     1     1     1     1     0   771     0
   672     1     1     2     2     4     6     8     0     0     1     1     0     2     1     1   725     0
   673     1     2     2     4     6     8     2     1     0     0     0     1     2     1     0   784     0
   674     1     2     2     4     6     8     2     1     0     1     0     1     1     0     0   562     0
   675     1     1     2     2     4     6     8     1     0     0     0     0     2     0     0   712     1
   676     1     3     1     6     8     2     4     1     1     0     0     0     2     0     1   769     0
   677     1     3     1     6     8     2     4     1     1     1     1     0     1     0     0   651     0
   678     1     3     1     6     8     2     4     0     1     1     1     0     1     1     0  1175     0
   679     1     2     2     4     6     8     2     1     0     0     0     1     2     1     1   607     0
   680     1     2     2     4     6     8     2     0     0     1     1     0     1     1     0   858     0
   681     1     1     2     2     4     6     8     1     1     1     1     0     2     1     1   806     0
   682     1     1     2     2     4     6     8     0     1     0     1     0     1     1     0   778     0
   683     1     1     2     2     4     6     8     1     0     1     0     1     1     1     1   633     0
   684     1     1     2     2     4     6     8     1     0     0     1     1     1     0     0   572     0
   685     1     3     1     6     8     2     4     1     1     1     0     1     2     0     1   855     0
   686     1     3     1     6     8     2     4     0     1     0     0     0     1     1     0   759     0
   687     2     7     0     5     7     1     3     0     0     1     0     1     3     0     1   742     0
   688     1     2     2     4     6     8     2     1     0     0     1     1     3     1     0   875     0
   689     2     5     0     1     3     5     7     0     0     1     1     0     3     1     0   940     0
   690     2     8     1     7     1     3     5     0     1     1     0     0     2     0     1   781     0
   691     2     7     0     5     7     1     3     1     1     1     1     1     2     1     0   773     0
   692     2     5     0     1     3     5     7     0     1     0     1     0     2     1     0   614     0
   693     2     5     0     1     3     5     7     0     1     1     1     0     1     0     0   604     0
   694     2     7     0     5     7     1     3     1     1     1     0     0     2     1     0   708     0
   695     2     6     2     3     5     7     1     0     1     1     0     0     2     1     0   668     0
   696     1     3     1     6     8     2     4     0     1     1     1     1     3     0     0   774     0
   697     1     3     1     6     8     2     4     1     0     1     0     1     1     1     1   714     0
   698     1     3     1     6     8     2     4     0     1     1     1     1     1     1     1   813     0
   699     1     4     1     8     2     4     6     0     1     0     1     0     2     0     0   679     1
   700     2     5     0     1     3     5     7     1     0     0     1     0     3     1     1   802     0
   701     1     2     2     4     6     8     2     0     1     0     1     1     3     1     1   629     0
   702     1     2     2     4     6     8     2     1     0     0     1     0     1     1     1   591     0
   703     2     6     2     3     5     7     1     1     0     1     1     1     3     0     0   590     0
   704     2     7     0     5     7     1     3     1     0     1     1     0     2     0     0   635     0
   705     2     7     0     5     7     1     3     0     1     0     0     1     1     1     1   999     1
   706     2     7     0     5     7     1     3     0     1     0     0     0     1     0     0   623     0
   707     2     8     1     7     1     3     5     0     0     1     1     1     2     0     1   939     0
   708     2     8     1     7     1     3     5     1     1     0     1     1     1     1     1   740     0
   709     2     6     2     3     5     7     1     1     1     0     1     1     2     0     0   760     0
   710     2     6     2     3     5     7     1     1     0     1     1     1     1     0     1   587     0
   711     2     5     0     1     3     5     7     0     0     0     0     1     2     1     0  1072     1
   712     2     5     0     1     3     5     7     0     0     0     1     1     1     0     0   620     0
   713     2     6     2     3     5     7     1     0     1     0     1     1     2     0     1   572     0
   714     2     8     1     7     1     3     5     0     0     1     0     1     2     0     1   799     0
   715     2     5     0     1     3     5     7     1     0     1     0     0     2     1     0   764     0
   716     2     5     0     1     3     5     7     0     0     0     0     0     1     1     0   581     0
   717     2     5     0     1     3     5     7     1     1     0     1     0     1     1     1   786     0
   718     2     5     0     1     3     5     7     1     1     1     1     1     1     0     0   671     0
   719     2     7     0     5     7     1     3     1     1     1     1     0     2     0     0   740     0
   720     2     7     0     5     7     1     3     0     1     0     1     0     1     1     0   733     0
   721     1     4     1     8     2     4     6     1     0     0     1     0     3     1     1  1100     0
   722     1     1     2     2     4     6     8     0     0     0     1     1     2     1     0   765     0
   723     1     3     1     6     8     2     4     0     0     1     1     1     2     0     0   750     0
   724     1     3     1     6     8     2     4     1     1     1     0     0     1     1     1   730     0
   725     2     8     1     7     1     3     5     1     0     1     1     1     3     0     1   647     0
   726     2     5     0     1     3     5     7     1     1     0     1     0     2     0     1   711     0
   727     2     8     1     7     1     3     5     1     1     1     1     0     2     0     0   737     0
   728     2     8     1     7     1     3     5     1     1     1     0     0     1     0     0   637     0
   729     1     1     2     2     4     6     8     1     0     1     0     0     3     0     1   744     0
   730     1     1     2     2     4     6     8     0     0     0     0     0     1     1     0   629     0
   731     1     2     2     4     6     8     2     1     1     0     0     0     2     1     1   578     0
   732     1     2     2     4     6     8     2     1     1     1     1     1     1     0     0   599     0
   733     2     8     1     7     1     3     5     0     1     1     1     0     3     1     0   665     0
   734     2     8     1     7     1     3     5     0     0     1     1     0     1     0     1   634     0
   735     1     1     2     2     4     6     8     1     1     1     1     1     3     1     1   732     0
   736     1     1     2     2     4     6     8     1     1     1     1     0     1     0     0   665     0
   737     1     1     2     2     4     6     8     0     1     0     1     1     1     1     0   865     0
   738     2     8     1     7     1     3     5     0     0     0     1     0     3     0     1   659     0
   739     2     7     0     5     7     1     3     0     0     1     0     1     2     0     0   705     0
   740     2     7     0     5     7     1     3     1     1     0     0     1     1     1     1   591     0
   741     2     7     0     5     7     1     3     1     1     0     1     0     1     0     0   598     0
   742     2     7     0     5     7     1     3     1     0     0     0     0     1     0     1   683     0
   743     1     3     1     6     8     2     4     1     1     0     1     0     3     0     1   893     1
   744     1     3     1     6     8     2     4     1     0     1     1     0     1     0     1   922     0
   745     1     1     2     2     4     6     8     1     0     0     0     1     2     0     0  1328     0
   746     1     1     2     2     4     6     8     0     1     1     1     0     1     1     1   929     1
   747     2     6     2     3     5     7     1     1     0     1     0     1     3     1     1   549     0
   748     2     6     2     3     5     7     1     0     0     0     1     1     1     1     0   555     0
   749     1     4     1     8     2     4     6     0     1     1     1     1     3     0     1   720     0
   750     1     4     1     8     2     4     6     1     1     1     0     0     1     1     0   989     0
   751     2     6     2     3     5     7     1     1     1     1     1     1     3     0     0   666     0
   752     2     6     2     3     5     7     1     0     1     0     1     1     1     1     0   555     0
   753     1     3     1     6     8     2     4     1     0     1     0     0     3     1     1   719     0
   754     2     6     2     3     5     7     1     0     0     1     0     0     3     1     0   609     0
   755     1     4     1     8     2     4     6     1     0     1     1     1     3     1     0   807     0
   756     1     4     1     8     2     4     6     0     1     1     0     0     1     1     1   799     0
   757     2     5     0     1     3     5     7     0     0     1     1     1     3     0     1   761     0
   758     2     5     0     1     3     5     7     0     0     0     0     1     1     0     0   583     0
   759     1     3     1     6     8     2     4     1     0     0     0     1     3     1     0   875     0
   760     1     2     2     4     6     8     2     0     0     1     0     1     2     1     0   646     0
   761     1     1     2     2     4     6     8     1     0     0     1     0     2     1     0   669     0
   762     1     1     2     2     4     6     8     0     0     0     1     0     1     1     0   613     0
   763     1     3     1     6     8     2     4     1     0     1     0     1     2     1     0   722     0
   764     1     3     1     6     8     2     4     1     0     1     1     0     1     0     0   670     0
   765     2     6     2     3     5     7     1     1     0     0     1     1     3     0     0   653     0
   766     1     1     2     2     4     6     8     1     1     1     0     1     3     0     1   962     1
   767     2     7     0     5     7     1     3     1     1     0     0     1     3     0     0   765     0
   768     1     4     1     8     2     4     6     0     1     0     0     0     3     1     0   743     0
   769     1     2     2     4     6     8     2     1     0     0     0     0     2     1     1   646     0
   770     1     3     1     6     8     2     4     1     0     1     0     0     2     0     0  1376     1
   771     1     4     1     8     2     4     6     0     0     0     0     0     2     1     0   868     0
   772     1     3     1     6     8     2     4     1     1     1     0     0     2     1     1  1396     0
   773     1     2     2     4     6     8     2     0     0     0     1     0     2     1     1   983     0
   774     1     2     2     4     6     8     2     1     0     1     0     0     1     1     0  1024     0
   775     2     5     0     1     3     5     7     0     1     1     1     0     3     1     1   655     0
   776     2     8     1     7     1     3     5     1     1     1     0     1     2     1     0   704     0
   777     2     7     0     5     7     1     3     0     0     1     0     0     2     1     1   739     0
   778     2     7     0     5     7     1     3     1     1     0     1     0     1     1     1   886     0
   779     1     3     1     6     8     2     4     0     1     1     1     1     3     1     0  1239     0
   780     1     4     1     8     2     4     6     0     0     1     1     1     2     0     1   686     0
   781     1     1     2     2     4     6     8     1     1     0     0     0     2     1     1   837     0
   782     1     2     2     4     6     8     2     0     1     1     1     0     2     1     0   666     0
   783     1     1     2     2     4     6     8     0     0     0     0     1     2     0     1   855     0
   784     1     1     2     2     4     6     8     0     1     1     1     0     1     0     1   704     0
   785     1     4     1     8     2     4     6     0     1     0     0     0     2     0     0   592     0
   786     1     3     1     6     8     2     4     1     1     1     1     0     2     1     0   709     0
   787     1     3     1     6     8     2     4     0     1     1     1     1     1     1     0   848     0
   788     1     3     1     6     8     2     4     1     1     1     0     1     1     1     0   715     1
   789     1     4     1     8     2     4     6     0     0     0     1     0     2     1     1   678     0
   790     1     4     1     8     2     4     6     0     1     1     1     1     1     0     1   574     0
   791     2     8     1     7     1     3     5     0     1     0     0     0     3     0     0   483     0
   792     2     7     0     5     7     1     3     1     0     0     0     0     2     1     1   657     0
   793     1     1     2     2     4     6     8     1     1     1     0     0     3     0     1   814     1
   794     1     1     2     2     4     6     8     0     0     0     0     0     1     1     1   681     0
   795     1     2     2     4     6     8     2     0     0     1     0     0     2     0     0  1234     0
   796     1     2     2     4     6     8     2     0     1     0     0     0     1     0     1   611     0
   797     2     8     1     7     1     3     5     1     0     0     1     0     3     1     1   780     0
   798     1     3     1     6     8     2     4     0     1     0     0     0     3     1     1   882     1
   799     1     1     2     2     4     6     8     0     1     1     0     0     2     0     0   815     0
   800     1     1     2     2     4     6     8     0     0     0     0     0     1     0     1   935     0
   801     1     1     2     2     4     6     8     1     0     1     0     0     1     1     0   728     0
   802     1     1     2     2     4     6     8     1     1     0     0     0     1     0     1   702     0
   803     2     6     2     3     5     7     1     1     0     0     1     1     3     0     1   574     0
   804     2     5     0     1     3     5     7     0     1     1     1     1     2     1     1   557     0
   805     1     4     1     8     2     4     6     0     1     1     1     1     3     0     0   582     0
   806     1     4     1     8     2     4     6     0     1     0     1     1     1     0     0   533     0
   807     1     2     2     4     6     8     2     0     0     1     1     0     2     0     1   580     0
   808     1     3     1     6     8     2     4     0     0     1     0     0     2     0     0  1427     1
   809     1     4     1     8     2     4     6     1     0     0     1     0     2     1     0   869     0
   810     1     4     1     8     2     4     6     0     1     0     0     1     1     1     1   639     0
   811     2     8     1     7     1     3     5     0     1     1     0     0     3     0     0   572     0
   812     2     8     1     7     1     3     5     1     1     1     0     0     1     1     0   578     0
   813     2     6     2     3     5     7     1     0     0     0     1     0     2     1     1   526     0
   814     2     8     1     7     1     3     5     1     0     1     0     0     2     1     0   598     0
   815     1     4     1     8     2     4     6     1     0     0     1     1     3     0     0   667     0
   816     2     5     0     1     3     5     7     1     1     1     0     1     3     0     1   743     0
   817     1     3     1     6     8     2     4     0     1     0     1     0     3     1     0  1196     1
   818     1     3     1     6     8     2     4     0     1     1     0     1     1     0     0  1195     0
   819     2     5     0     1     3     5     7     0     1     0     0     1     3     0     0   670     0
   820     2     5     0     1     3     5     7     0     1     1     0     1     1     0     0   573     0
   821     2     6     2     3     5     7     1     0     0     1     0     0     2     0     1   632     0
   822     2     5     0     1     3     5     7     0     1     1     0     0     2     0     1   589     0
   823     2     8     1     7     1     3     5     0     1     1     1     1     2     0     0   768     0
   824     1     3     1     6     8     2     4     0     0     1     1     0     3     0     1   677     0
   825     2     6     2     3     5     7     1     1     1     1     0     0     3     1     1   804     0
   826     2     6     2     3     5     7     1     1     1     1     0     1     1     0     0   767     0
   827     2     5     0     1     3     5     7     1     0     1     0     0     2     0     1   787     0
   828     2     5     0     1     3     5     7     1     1     1     0     0     1     0     1  1098     0
   829     1     3     1     6     8     2     4     1     1     0     1     0     3     0     0   820     0
   830     1     3     1     6     8     2     4     1     0     0     1     1     1     0     1  1500     2
   831     2     6     2     3     5     7     1     1     1     1     1     1     3     0     1   643     0
   832     1     1     2     2     4     6     8     1     1     1     1     0     3     0     0   698     0
   833     2     8     1     7     1     3     5     1     0     1     1     1     3     0     1   821     0
   834     2     6     2     3     5     7     1     1     0     1     0     0     2     0     0   771     0
   835     2     7     0     5     7     1     3     0     1     1     0     0     2     1     1  1000     0
   836     2     7     0     5     7     1     3     0     1     0     0     1     1     0     0   888     0
   837     2     6     2     3     5     7     1     1     0     1     0     1     2     1     1   628     0
   838     2     6     2     3     5     7     1     1     0     1     1     0     1     0     0   609     0
   839     1     2     2     4     6     8     2     1     0     0     0     1     3     0     0   653     0
   840     1     2     2     4     6     8     2     1     1     0     0     0     1     0     1   576     0
   841     1     4     1     8     2     4     6     0     1     1     0     1     2     1     0   810     0
   842     1     1     2     2     4     6     8     1     0     1     1     0     2     1     1   629     0
   843     1     3     1     6     8     2     4     1     0     0     1     1     2     0     0   808     0
   844     2     6     2     3     5     7     1     0     1     1     0     0     3     1     1   596     0
   845     2     7     0     5     7     1     3     0     1     0     0     1     2     0     0   813     0
   846     2     7     0     5     7     1     3     1     1     1     1     0     1     1     0   948     0
   847     1     1     2     2     4     6     8     1     0     0     1     1     3     0     1   802     0
   848     1     4     1     8     2     4     6     1     0     1     0     0     2     0     0   800     0
   849     2     7     0     5     7     1     3     0     1     0     0     0     3     1     1   747     0
   850     2     7     0     5     7     1     3     0     1     0     1     0     1     0     0   844     1
   851     2     6     2     3     5     7     1     1     1     1     0     1     2     1     0   591     0
   852     2     7     0     5     7     1     3     0     1     0     0     0     2     1     0   684     0
   853     2     7     0     5     7     1     3     0     0     0     0     1     1     0     1   906     1
   854     2     7     0     5     7     1     3     1     1     0     1     1     1     1     1   877     0
   855     2     5     0     1     3     5     7     0     1     1     0     1     2     1     0   660     0
   856     2     7     0     5     7     1     3     0     0     1     1     0     2     0     1   700     0
   857     2     5     0     1     3     5     7     1     1     1     1     0     2     1     1   669     0
   858     1     4     1     8     2     4     6     1     0     1     1     1     3     0     1   661     0
   859     1     1     2     2     4     6     8     0     0     1     1     0     2     1     0   699     0
   860     1     3     1     6     8     2     4     0     0     0     0     1     2     0     0   894     0
   861     2     5     0     1     3     5     7     1     1     1     1     1     3     1     1   771     0
   862     1     2     2     4     6     8     2     1     0     1     0     1     3     0     1   623     0
   863     1     2     2     4     6     8     2     0     1     0     0     1     1     1     1   814     0
   864     1     2     2     4     6     8     2     0     0     1     0     1     1     0     1   722     0
   865     2     6     2     3     5     7     1     1     0     1     1     1     3     1     0   768     0
   866     2     6     2     3     5     7     1     0     1     1     0     1     1     1     1   814     0
   867     1     3     1     6     8     2     4     0     0     1     1     0     3     0     1   881     0
   868     1     3     1     6     8     2     4     1     1     1     1     1     1     1     1  1500     2
   869     1     2     2     4     6     8     2     1     1     1     0     1     2     0     0   637     0
   870     1     4     1     8     2     4     6     1     1     1     0     1     2     0     0  1169     0
   871     2     6     2     3     5     7     1     1     1     0     0     1     3     0     0   798     0
   872     2     6     2     3     5     7     1     0     1     0     1     0     1     1     0   577     0
   873     2     8     1     7     1     3     5     1     1     0     1     1     2     1     0   727     0
   874     2     8     1     7     1     3     5     0     1     1     0     0     1     1     0   586     0
   875     1     4     1     8     2     4     6     0     0     1     1     0     3     0     1   707     0
   876     1     4     1     8     2     4     6     1     1     1     1     1     1     1     1   769     0
   877     1     3     1     6     8     2     4     1     1     0     0     0     2     0     0  1460     0
   878     1     3     1     6     8     2     4     0     1     0     1     1     1     1     0  1486     0
   879     2     5     0     1     3     5     7     1     0     0     1     0     3     1     1   841     0
   880     1     4     1     8     2     4     6     0     0     0     1     0     3     1     0   967     0
   881     1     4     1     8     2     4     6     0     0     1     1     0     1     0     0   877     0
   882     1     1     2     2     4     6     8     1     0     1     1     0     2     1     0   983     0
   883     1     1     2     2     4     6     8     1     0     0     1     1     1     0     0  1500     2
   884     1     1     2     2     4     6     8     0     1     1     1     1     1     1     1   730     0
   885     1     3     1     6     8     2     4     0     1     1     1     1     2     0     0  1360     0
   886     1     1     2     2     4     6     8     0     0     1     1     1     2     0     1  1120     0
   887     1     1     2     2     4     6     8     0     1     0     0     1     1     0     1   665     0
   888     2     6     2     3     5     7     1     1     1     1     1     0     3     1     0   534     0
   889     2     6     2     3     5     7     1     1     0     1     1     1     1     0     1   583     0
   890     2     6     2     3     5     7     1     0     1     0     1     0     1     1     1   492     0
   891     1     4     1     8     2     4     6     1     0     0     1     1     3     1     1   746     0
   892     1     2     2     4     6     8     2     1     0     1     0     1     2     0     0   636     0
   893     2     5     0     1     3     5     7     1     0     0     0     0     3     0     0   808     0
   894     2     5     0     1     3     5     7     0     0     0     1     1     1     1     0   754     0
   895     2     6     2     3     5     7     1     1     1     1     0     1     2     1     1   600     0
   896     2     6     2     3     5     7     1     0     1     0     1     1     1     1     0   594     0
