     1     2     7     0     5     7     1     3     1     0     1     0     1     0     1     0  1087     0
     2     2     7     0     5     7     1     3     0     0     0     1     0     1     1     0   861     0
     3     2     8     1     7     1     3     5     1     1     1     1     0     2     1     1  1136     0
     4     2     5     0     1     3     5     7     1     0     0     0     1     2     0     1   551     0
     5     2     7     0     5     7     1     3     1     0     0     0     1     2     0     0   598     0
     6     2     6     2     3     5     7     1     1     1     0     0     0     2     0     1   526     0
     7     1     1     2     2     4     6     8     0     1     1     0     0     3     1     0   769     1
     8     1     1     2     2     4     6     8     0     0     1     1     1     1     0     1   667     0
     9     2     6     2     3     5     7     1     1     0     0     1     1     3     1     0  1399     0
    10     2     8     1     7     1     3     5     1     0     1     0     0     2     0     0   549     0
    11     2     7     0     5     7     1     3     1     1     0     1     1     2     0     1   967     0
    12     2     7     0     5     7     1     3     1     1     0     0     1     1     0     0   593     0
    13     1     1     2     2     4     6     8     1     0     0     1     0     3     0     1   558     0
    14     1     1     2     2     4     6     8     0     0     0     1     0     1     1     0   896     0
    15     1     1     2     2     4     6     8     0     0     1     0     0     1     0     0   845     0
    16     1     1     2     2     4     6     8     1     0     1     1     0     1     1     0  1110     0
    17     2     5     0     1     3     5     7     0     1     0     0     0     3     1     1  1011     0
    18     2     6     2     3     5     7     1     1     0     0     1     0     2     1     1   781     0
    19     2     5     0     1     3     5     7     1     0     1     0     1     2     0     0   543     0
    20     2     5     0     1     3     5     7     1     0     0     1     0     1     0     0   509     0
    21     1     4     1     8     2     4     6     1     0     0     0     0     3     0     0   463     0
    22     1     4     1     8     2     4     6     0     0     0     1     1     1     1     0   783     0
    23     2     7     0     5     7     1     3     1     0     1     1     0     3     1     0  1218     0
    24     2     7     0     5     7     1     3     0     0     0     0     0     1     1     0   891     0
    25     1     4     1     8     2     4     6     0     0     1     0     0     3     0     0   421     0
    26     1     2     2     4     6     8     2     0     1     0     1     1     2     0     1   815     0
    27     1     4     1     8     2     4     6     1     1     1     0     1     2     1     0   555     0
    28     1     1     2     2     4     6     8     1     1     1     0     1     2     0     0   488     0
    29     2     5     0     1     3     5     7     1     1     1     1     0     3     0     0   513     0
    30     2     5     0     1     3     5     7     1     1     1     0     1     1     0     0   379     0
    31     1     3     1     6     8     2     4     1     1     0     0     1     3     0     0   669     0
    32     1     3     1     6     8     2     4     1     1     0     0     0     1     0     0   460     0
    33     2     6     2     3     5     7     1     0     1     1     0     0     3     1     0   762     0
    34     2     6     2     3     5     7     1     0     1     0     1     1     1     0     0   372     0
    35     1     2     2     4     6     8     2     1     0     1     1     0     3     1     1   690     0
    36     1     1     2     2     4     6     8     0     1     0     1     0     2     1     1   644     0
    37     2     7     0     5     7     1     3     1     0     1     1     0     3     1     1   594     1
    38     2     7     0     5     7     1     3     0     1     1     0     0     1     1     1   924     0
    39     2     8     1     7     1     3     5     1     1     0     0     1     2     1     0   662     0
    40     2     8     1     7     1     3     5     1     1     0     0     0     1     0     0   482     0
    41     1     3     1     6     8     2     4     1     1     1     0     0     3     0     0   615     0
    42     1     3     1     6     8     2     4     0     0     0     1     0     1     1     1  1217     0
    43     1     1     2     2     4     6     8     0     0     1     0     0     2     0     0   504     0
    44     1     1     2     2     4     6     8     1     0     1     0     0     1     1     0   828     0
    45     2     6     2     3     5     7     1     0     1     0     0     0     3     1     1   610     0
    46     2     6     2     3     5     7     1     1     1     1     1     1     1     1     0   547     0
    47     2     8     1     7     1     3     5     0     0     1     1     0     2     1     1   648     0
    48     2     8     1     7     1     3     5     0     1     1     0     0     1     0     1   574     0
    49     2     6     2     3     5     7     1     1     1     0     0     1     2     1     0  1229     0
    50     1     1     2     2     4     6     8     1     0     0     1     1     3     0     1   800     0
    51     1     3     1     6     8     2     4     1     1     1     0     0     2     0     1  1210     0
    52     2     6     2     3     5     7     1     0     1     0     1     1     3     1     0   821     0
    53     1     4     1     8     2     4     6     0     0     1     0     0     3     0     1   475     0
    54     2     7     0     5     7     1     3     1     0     0     1     0     3     1     0   558     0
    55     1     1     2     2     4     6     8     0     1     0     1     1     3     1     1   639     0
    56     1     1     2     2     4     6     8     0     0     1     0     0     1     0     1   499     1
    57     1     3     1     6     8     2     4     0     0     1     0     0     2     0     0  1225     0
    58     2     8     1     7     1     3     5     1     1     0     1     1     3     1     1  1500     2
    59     2     5     0     1     3     5     7     1     1     1     0     1     2     0     0  1500     2
    60     2     5     0     1     3     5     7     0     0     0     1     1     1     1     1   585     0
    61     1     1     2     2     4     6     8     0     1     0     1     1     3     0     1   939     0
    62     1     4     1     8     2     4     6     0     1     0     0     1     2     0     0   518     0
    63     2     6     2     3     5     7     1     1     0     1     1     1     3     1     1   704     0
    64     2     7     0     5     7     1     3     0     0     0     0     1     2     1     0  1177     0
    65     1     4     1     8     2     4     6     0     1     0     0     1     3     0     1   557     0
    66     1     1     2     2     4     6     8     1     1     0     0     0     2     1     0  1500     2
    67     1     2     2     4     6     8     2     0     0     1     0     0     2     1     1   841     0
    68     1     2     2     4     6     8     2     0     1     1     0     1     1     0     1   945     0
    69     2     6     2     3     5     7     1     0     1     1     1     1     3     0     0   826     0
    70     2     6     2     3     5     7     1     1     1     0     0     0     1     1     0   899     0
    71     1     2     2     4     6     8     2     0     1     0     1     0     3     1     0   764     1
    72     1     2     2     4     6     8     2     1     1     1     1     0     1     1     0  1316     0
    73     2     6     2     3     5     7     1     0     1     1     1     0     3     1     0   456     0
    74     2     6     2     3     5     7     1     0     0     1     1     1     1     0     1   505     0
    75     1     2     2     4     6     8     2     1     0     0     1     1     3     1     0   690     0
    76     2     5     0     1     3     5     7     1     0     1     0     1     3     0     0   686     0
    77     1     1     2     2     4     6     8     1     1     1     0     0     3     0     1   548     0
    78     1     1     2     2     4     6     8     1     0     0     0     0     1     0     1   485     0
    79     2     6     2     3     5     7     1     1     0     0     0     1     3     0     0   966     1
    80     2     6     2     3     5     7     1     0     0     1     0     1     1     1     0   636     0
    81     2     8     1     7     1     3     5     0     0     0     1     1     2     0     0   537     0
    82     2     8     1     7     1     3     5     0     1     1     1     0     1     0     1   478     0
    83     1     4     1     8     2     4     6     0     1     1     1     0     3     0     0   468     0
    84     1     4     1     8     2     4     6     1     1     1     0     1     1     1     0   588     0
    85     2     8     1     7     1     3     5     1     0     1     0     0     3     0     1   521     0
    86     2     8     1     7     1     3     5     0     1     0     1     1     1     1     1   721     0
    87     1     4     1     8     2     4     6     0     0     1     0     0     3     0     1   530     0
    88     1     4     1     8     2     4     6     1     1     0     1     0     1     1     1   899     0
    89     2     7     0     5     7     1     3     0     1     1     0     1     3     1     0  1227     0
    90     2     7     0     5     7     1     3     1     1     1     0     0     1     1     0   749     0
    91     1     2     2     4     6     8     2     1     1     1     1     1     3     0     0   568     0
    92     1     2     2     4     6     8     2     0     1     0     1     1     1     1     0   684     0
    93     1     3     1     6     8     2     4     1     1     1     1     0     2     1     0   632     0
    94     1     3     1     6     8     2     4     0     0     1     1     1     1     1     1  1073     0
    95     2     7     0     5     7     1     3     1     0     0     1     1     3     1     0   563     1
    96     2     7     0     5     7     1     3     0     1     1     0     0     1     1     1   767     0
    97     2     6     2     3     5     7     1     0     0     1     1     0     2     0     1   618     0
    98     2     6     2     3     5     7     1     1     1     0     1     0     1     1     1   501     0
    99     2     7     0     5     7     1     3     1     1     0     0     1     2     0     0   508     0
   100     2     7     0     5     7     1     3     1     0     0     0     1     1     0     1   479     0
   101     1     1     2     2     4     6     8     0     0     1     1     0     3     1     0   670     1
   102     2     6     2     3     5     7     1     1     0     1     1     0     3     1     0   690     0
   103     2     5     0     1     3     5     7     0     1     1     1     0     2     1     1   864     0
   104     2     5     0     1     3     5     7     0     1     1     1     1     1     0     0   669     0
   105     2     7     0     5     7     1     3     0     0     1     0     1     2     0     1   752     0
   106     2     7     0     5     7     1     3     0     0     0     0     0     1     0     0   549     0
   107     2     8     1     7     1     3     5     0     0     1     0     1     2     0     0   739     0
   108     1     1     2     2     4     6     8     0     1     0     0     1     3     0     1   569     0
   109     1     2     2     4     6     8     2     0     0     1     1     1     2     0     1   580     0
   110     1     2     2     4     6     8     2     1     0     1     0     0     1     1     0   906     1
   111     2     7     0     5     7     1     3     1     0     0     0     1     3     0     0   704     0
   112     2     7     0     5     7     1     3     1     0     1     0     1     1     0     0   796     0
   113     1     1     2     2     4     6     8     1     1     1     1     1     3     0     1   720     0
   114     1     2     2     4     6     8     2     1     1     0     0     0     2     0     0   403     1
   115     1     2     2     4     6     8     2     1     0     1     1     1     1     0     1   563     0
   116     1     2     2     4     6     8     2     0     1     1     0     0     1     1     1  1133     0
   117     1     4     1     8     2     4     6     1     0     1     0     0     2     1     1   693     0
   118     1     3     1     6     8     2     4     0     0     0     0     0     2     1     0   804     0
   119     2     6     2     3     5     7     1     1     1     0     1     0     3     1     1   558     0
   120     2     7     0     5     7     1     3     0     0     1     0     0     2     1     1   589     1
   121     2     6     2     3     5     7     1     1     1     1     0     0     2     1     1   693     0
   122     1     3     1     6     8     2     4     0     0     0     1     1     3     1     1   931     0
   123     2     5     0     1     3     5     7     0     1     1     1     0     3     0     1   836     0
   124     2     5     0     1     3     5     7     1     1     1     1     0     1     1     0   805     0
   125     1     1     2     2     4     6     8     0     1     1     0     0     3     1     0   716     0
   126     1     1     2     2     4     6     8     1     1     0     1     0     1     1     0   667     0
   127     1     1     2     2     4     6     8     0     1     1     1     1     1     1     0   625     0
   128     1     2     2     4     6     8     2     1     1     1     0     0     2     1     0   947     0
   129     2     7     0     5     7     1     3     0     1     1     1     1     3     1     0  1007     0
   130     2     7     0     5     7     1     3     0     0     1     0     1     1     0     1   711     0
   131     1     4     1     8     2     4     6     0     0     0     0     0     3     0     0   526     0
   132     2     5     0     1     3     5     7     0     0     1     1     0     3     0     0   560     0
   133     1     3     1     6     8     2     4     0     0     1     1     0     3     0     0   519     0
   134     1     1     2     2     4     6     8     1     1     0     1     0     2     1     1   508     1
   135     1     4     1     8     2     4     6     0     1     1     1     0     2     1     0  1500     2
   136     1     2     2     4     6     8     2     1     1     1     1     1     2     1     0   672     0
   137     1     2     2     4     6     8     2     0     0     0     0     0     1     1     1   200     0
   138     1     2     2     4     6     8     2     1     1     0     0     1     1     1     1  1171     0
   139     1     2     2     4     6     8     2     0     0     1     1     1     1     1     1   938     0
   140     2     5     0     1     3     5     7     0     0     0     1     0     3     0     0   651     0
   141     1     4     1     8     2     4     6     0     0     1     0     1     3     0     0   592     0
   142     2     5     0     1     3     5     7     1     1     1     1     0     3     1     1   616     0
   143     2     5     0     1     3     5     7     1     0     1     0     1     1     0     1   686     0
   144     2     7     0     5     7     1     3     1     0     1     1     1     2     0     0   650     0
   145     1     4     1     8     2     4     6     1     0     0     0     1     3     0     0   487     0
   146     1     4     1     8     2     4     6     1     0     1     0     0     1     0     0   389     0
   147     2     7     0     5     7     1     3     1     0     1     1     1     3     0     0   701     0
   148     2     6     2     3     5     7     1     0     1     0     0     0     2     1     1   518     1
   149     2     8     1     7     1     3     5     0     0     0     0     1     2     0     1   579     0
   150     2     8     1     7     1     3     5     0     1     0     0     1     1     0     1   536     0
   151     1     3     1     6     8     2     4     0     0     0     0     1     3     0     1   666     0
   152     1     3     1     6     8     2     4     1     1     0     0     1     1     1     1   671     0
   153     1     2     2     4     6     8     2     1     1     1     0     0     2     0     0   657     0
   154     1     2     2     4     6     8     2     1     1     1     0     1     1     0     0   374     0
   155     1     4     1     8     2     4     6     1     1     0     1     0     2     0     0   591     0
   156     1     4     1     8     2     4     6     0     1     0     0     1     1     1     0   842     0
   157     1     2     2     4     6     8     2     1     0     1     0     0     2     1     1   878     0
   158     1     1     2     2     4     6     8     1     1     0     0     0     2     0     1   559     0
   159     2     5     0     1     3     5     7     1     0     0     1     1     3     0     1   692     0
   160     2     5     0     1     3     5     7     0     1     1     1     1     1     1     1   742     0
   161     1     3     1     6     8     2     4     1     1     0     0     0     3     1     0   690     1
   162     1     3     1     6     8     2     4     1     1     1     1     0     1     0     0   542     0
   163     1     2     2     4     6     8     2     0     1     0     1     0     2     1     0   749     0
   164     1     4     1     8     2     4     6     1     0     0     0     0     2     1     1  1280     0
   165     2     8     1     7     1     3     5     1     1     0     1     0     3     0     1   596     0
   166     2     8     1     7     1     3     5     1     1     1     1     1     1     0     0   505     0
   167     2     6     2     3     5     7     1     1     1     0     0     0     2     0     0   637     0
   168     2     7     0     5     7     1     3     0     0     1     0     1     2     1     1   678     0
   169     2     6     2     3     5     7     1     0     1     0     1     0     2     0     1   523     0
   170     2     5     0     1     3     5     7     1     1     1     1     1     2     1     0   621     0
   171     2     6     2     3     5     7     1     1     1     0     0     0     2     0     0   649     0
   172     2     6     2     3     5     7     1     1     1     1     0     0     1     0     0   378     0
   173     1     4     1     8     2     4     6     1     0     1     0     0     3     0     1   544     0
   174     1     4     1     8     2     4     6     0     0     0     0     0     1     1     0   543     0
   175     2     6     2     3     5     7     1     1     1     1     0     0     3     1     1   453     0
   176     2     8     1     7     1     3     5     1     1     1     0     1     2     0     0   526     1
   177     1     4     1     8     2     4     6     0     0     0     1     1     3     1     1   781     0
   178     1     4     1     8     2     4     6     0     1     0     1     1     1     0     1   549     0
   179     1     1     2     2     4     6     8     1     1     1     1     1     2     1     0   852     0
   180     1     2     2     4     6     8     2     0     0     0     0     0     2     1     1   573     0
   181     1     1     2     2     4     6     8     0     0     0     0     1     2     0     0   602     0
   182     1     2     2     4     6     8     2     1     1     0     0     0     2     1     1   640     0
   183     1     2     2     4     6     8     2     1     0     0     0     0     1     0     1   468     0
   184     1     2     2     4     6     8     2     0     1     1     0     1     1     1     1   745     0
   185     2     7     0     5     7     1     3     0     0     0     1     1     3     0     1   591     0
   186     2     7     0     5     7     1     3     1     1     0     1     0     1     1     1   744     0
   187     2     5     0     1     3     5     7     1     0     0     1     0     2     0     1   591     0
   188     2     5     0     1     3     5     7     0     1     0     0     1     1     1     1   730     0
   189     2     6     2     3     5     7     1     0     1     1     0     0     2     0     0   673     0
   190     2     6     2     3     5     7     1     1     0     1     0     1     1     1     1   507     0
   191     2     8     1     7     1     3     5     1     1     1     1     0     2     0     1   569     0
   192     2     7     0     5     7     1     3     1     0     0     0     1     2     0     1   706     0
   193     1     2     2     4     6     8     2     0     0     1     1     1     3     1     0   517     1
   194     1     2     2     4     6     8     2     1     0     0     1     0     1     1     0   615     0
   195     2     8     1     7     1     3     5     1     0     0     0     0     3     0     0  1424     0
   196     2     8     1     7     1     3     5     0     0     0     0     0     1     1     0   741     0
   197     2     8     1     7     1     3     5     1     1     0     0     0     1     1     1   705     0
   198     2     8     1     7     1     3     5     0     1     1     0     1     1     1     0  1067     0
   199     2     6     2     3     5     7     1     0     1     0     1     0     2     0     0   506     0
   200     1     3     1     6     8     2     4     0     0     0     1     1     3     0     1   418     0
   201     1     3     1     6     8     2     4     0     1     0     1     1     1     0     1   495     0
   202     1     4     1     8     2     4     6     1     1     1     1     1     2     1     0   660     0
   203     1     3     1     6     8     2     4     0     1     1     1     1     2     1     0   574     0
   204     1     1     2     2     4     6     8     1     1     1     1     0     2     1     0   735     0
   205     2     5     0     1     3     5     7     0     1     0     1     0     3     1     0   609     0
   206     1     4     1     8     2     4     6     1     0     0     0     1     3     1     1   450     0
   207     1     2     2     4     6     8     2     0     1     0     1     1     2     1     1   503     0
   208     1     2     2     4     6     8     2     1     1     1     1     1     1     1     0   392     0
   209     1     1     2     2     4     6     8     0     0     0     0     1     2     1     1  1064     0
   210     1     1     2     2     4     6     8     1     1     0     0     1     1     1     1   524     0
   211     1     3     1     6     8     2     4     0     1     1     0     1     2     1     0   680     0
   212     1     3     1     6     8     2     4     0     0     1     1     0     1     0     1   648     1
   213     2     8     1     7     1     3     5     1     1     1     0     0     3     1     1   200     1
   214     2     5     0     1     3     5     7     0     0     1     1     0     2     1     1   799     0
   215     1     2     2     4     6     8     2     0     1     0     0     0     3     0     1   585     0
   216     1     3     1     6     8     2     4     0     0     0     0     0     2     0     1   493     0
   217     1     1     2     2     4     6     8     1     0     1     0     0     2     1     0   741     0
   218     1     1     2     2     4     6     8     0     1     0     1     1     1     1     1  1500     2
   219     2     7     0     5     7     1     3     1     0     0     0     0     3     1     1   567     0
   220     2     7     0     5     7     1     3     1     0     1     0     0     1     0     0   511     0
   221     1     1     2     2     4     6     8     1     0     0     1     0     3     0     0   672     0
   222     1     1     2     2     4     6     8     1     1     1     0     0     1     0     1   200     0
   223     2     7     0     5     7     1     3     1     0     1     0     0     3     0     1   499     0
   224     2     7     0     5     7     1     3     0     0     0     0     0     1     1     0   576     0
   225     1     1     2     2     4     6     8     1     1     1     0     0     3     1     1   528     0
   226     1     4     1     8     2     4     6     0     0     1     1     1     2     1     1   606     0
   227     2     7     0     5     7     1     3     0     0     1     0     1     3     0     0   624     0
   228     1     2     2     4     6     8     2     0     1     0     0     1     3     0     1   553     0
   229     2     6     2     3     5     7     1     0     1     1     0     0     3     0     0   379     0
   230     2     6     2     3     5     7     1     1     0     0     0     0     1     1     1   566     0
   231     1     2     2     4     6     8     2     1     1     1     0     1     3     0     1   417     0
   232     1     3     1     6     8     2     4     1     0     0     1     1     2     0     1   570     0
   233     1     1     2     2     4     6     8     0     0     0     1     0     2     1     0   457     1
   234     2     8     1     7     1     3     5     0     1     1     0     1     3     0     1   616     0
   235     2     6     2     3     5     7     1     1     0     0     0     0     2     1     1   533     0
   236     2     7     0     5     7     1     3     1     1     0     0     0     2     0     1   625     0
   237     1     4     1     8     2     4     6     1     0     1     1     1     3     0     1  1271     0
   238     2     7     0     5     7     1     3     0     0     0     1     0     3     1     0   880     0
   239     2     6     2     3     5     7     1     0     1     1     0     1     2     0     1   463     0
   240     1     1     2     2     4     6     8     1     1     1     1     0     3     1     0   600     0
   241     1     2     2     4     6     8     2     1     0     1     1     0     2     0     1   515     0
   242     2     7     0     5     7     1     3     1     1     1     1     0     3     0     1   515     1
   243     2     8     1     7     1     3     5     0     1     1     1     0     2     1     0   724     0
   244     2     8     1     7     1     3     5     0     1     1     1     1     1     0     0   496     0
   245     2     7     0     5     7     1     3     1     0     0     0     0     2     1     1   630     0
   246     2     7     0     5     7     1     3     1     1     0     1     1     1     0     1   502     0
   247     1     2     2     4     6     8     2     0     0     1     0     0     3     1     1   676     0
   248     1     3     1     6     8     2     4     1     1     0     1     1     2     1     1   553     0
   249     1     4     1     8     2     4     6     1     1     0     1     1     2     0     0   588     0
   250     1     4     1     8     2     4     6     0     1     1     1     0     1     1     0   538     0
   251     2     7     0     5     7     1     3     0     1     1     1     0     3     0     0   530     0
   252     2     7     0     5     7     1     3     1     0     0     0     0     1     1     1  1117     0
   253     2     5     0     1     3     5     7     1     0     0     0     1     2     0     0   593     0
   254     2     5     0     1     3     5     7     1     0     1     0     0     1     0     0   381     0
   255     1     3     1     6     8     2     4     1     0     0     1     0     3     0     0   704     0
   256     1     3     1     6     8     2     4     0     0     0     0     1     1     1     0  1048     1
   257     2     7     0     5     7     1     3     0     0     1     1     1     3     0     0   576     0
   258     2     7     0     5     7     1     3     1     1     0     1     0     1     1     1   611     0
   259     1     2     2     4     6     8     2     0     1     1     1     0     3     1     0   619     1
   260     1     4     1     8     2     4     6     0     0     1     1     1     2     0     1   597     0
   261     2     6     2     3     5     7     1     0     0     0     0     1     3     0     0   505     0
   262     1     3     1     6     8     2     4     0     0     0     1     1     3     0     0   493     0
   263     2     5     0     1     3     5     7     1     1     0     0     1     3     1     1   675     0
   264     2     5     0     1     3     5     7     1     0     0     1     0     1     0     1   580     0
   265     2     8     1     7     1     3     5     0     1     1     1     1     2     1     1   760     0
   266     1     3     1     6     8     2     4     0     0     1     1     1     3     0     1   837     0
   267     2     5     0     1     3     5     7     0     1     0     0     0     3     0     1   680     0
   268     2     8     1     7     1     3     5     0     1     1     0     0     2     0     0   684     1
   269     1     2     2     4     6     8     2     1     1     0     1     1     3     1     0   736     0
   270     1     2     2     4     6     8     2     1     1     0     0     1     1     0     0   474     0
   271     1     3     1     6     8     2     4     1     1     0     1     0     2     0     0   570     1
   272     1     3     1     6     8     2     4     0     0     0     0     0     1     1     1   641     0
   273     2     7     0     5     7     1     3     1     1     1     0     0     3     1     1   824     0
   274     2     7     0     5     7     1     3     0     0     1     1     0     1     1     1   718     0
   275     1     3     1     6     8     2     4     0     0     1     0     1     3     0     0   520     0
   276     1     3     1     6     8     2     4     1     0     0     1     1     1     1     0   728     0
   277     1     4     1     8     2     4     6     0     0     1     0     0     2     1     0   717     0
   278     1     2     2     4     6     8     2     0     1     1     0     1     2     0     1   508     0
   279     2     6     2     3     5     7     1     0     1     1     1     1     3     0     0   453     0
   280     2     7     0     5     7     1     3     1     0     0     0     1     2     1     1   735     1
   281     1     1     2     2     4     6     8     1     1     1     0     0     3     0     1   583     0
   282     1     2     2     4     6     8     2     0     0     1     1     0     2     1     1   858     0
   283     1     2     2     4     6     8     2     0     0     1     0     0     1     0     0   368     0
   284     1     2     2     4     6     8     2     0     1     1     1     1     1     0     1   493     0
   285     1     2     2     4     6     8     2     0     1     1     1     0     1     0     0   426     0
   286     1     3     1     6     8     2     4     0     0     0     1     1     2     0     1   450     0
   287     2     8     1     7     1     3     5     0     1     0     1     1     3     0     1   488     0
   288     2     8     1     7     1     3     5     1     1     1     1     1     1     1     0   612     0
   289     2     8     1     7     1     3     5     1     0     0     1     0     1     0     1   522     0
   290     2     8     1     7     1     3     5     1     0     1     0     0     1     0     0   490     0
   291     1     3     1     6     8     2     4     1     1     1     1     1     3     0     1   499     0
   292     1     3     1     6     8     2     4     0     1     0     1     0     1     1     0   608     0
   293     1     2     2     4     6     8     2     1     1     0     0     0     2     1     0   553     0
   294     1     2     2     4     6     8     2     0     0     0     0     1     1     1     1   391     0
   295     2     5     0     1     3     5     7     0     1     1     1     1     3     0     1   500     0
   296     2     7     0     5     7     1     3     1     0     1     0     1     2     1     1   805     0
   297     1     2     2     4     6     8     2     0     1     1     1     0     3     1     1   812     0
   298     1     2     2     4     6     8     2     1     1     1     0     0     1     1     0   504     0
   299     2     8     1     7     1     3     5     0     0     1     0     0     3     1     1   682     0
   300     1     1     2     2     4     6     8     0     1     1     0     1     3     0     1   410     0
   301     1     3     1     6     8     2     4     0     0     0     1     1     2     0     1   380     0
   302     1     3     1     6     8     2     4     1     1     1     1     1     1     1     1   633     0
   303     1     1     2     2     4     6     8     1     1     0     1     1     2     0     0   566     0
   304     1     1     2     2     4     6     8     1     0     1     1     1     1     0     1   366     1
   305     2     7     0     5     7     1     3     0     0     1     0     0     3     1     0   630     0
   306     2     7     0     5     7     1     3     1     0     0     0     1     1     1     0   521     0
   307     2     8     1     7     1     3     5     1     1     1     0     1     2     0     1   394     0
   308     2     8     1     7     1     3     5     1     0     0     0     0     1     0     1   419     0
   309     2     6     2     3     5     7     1     0     1     1     0     0     2     1     1   706     0
   310     2     6     2     3     5     7     1     0     1     0     1     1     1     0     0   400     0
   311     1     3     1     6     8     2     4     0     0     0     0     1     3     0     1   406     0
   312     1     3     1     6     8     2     4     1     0     1     0     1     1     1     0   883     0
   313     2     5     0     1     3     5     7     0     1     1     1     1     3     1     1   455     0
   314     2     7     0     5     7     1     3     1     1     1     0     0     2     1     0   551     0
   315     2     7     0     5     7     1     3     0     1     0     0     1     1     1     0   836     0
   316     2     8     1     7     1     3     5     1     1     1     1     1     2     1     0   554     1
   317     1     4     1     8     2     4     6     0     0     0     0     1     3     1     1   826     0
   318     2     5     0     1     3     5     7     1     1     0     1     0     3     1     1   481     0
   319     1     4     1     8     2     4     6     0     1     1     1     0     3     1     0   424     0
   320     1     4     1     8     2     4     6     1     1     1     0     1     1     1     0   483     0
   321     1     1     2     2     4     6     8     0     0     1     0     0     2     1     1   919     0
   322     2     8     1     7     1     3     5     0     1     1     0     0     3     0     1   475     0
   323     2     8     1     7     1     3     5     0     1     1     1     1     1     0     0   645     0
   324     2     5     0     1     3     5     7     0     0     1     1     1     2     0     1   594     0
   325     2     6     2     3     5     7     1     0     0     1     0     1     2     0     0   609     0
   326     2     6     2     3     5     7     1     1     0     0     0     0     1     1     0   810     0
   327     2     8     1     7     1     3     5     0     1     0     1     1     2     1     1   521     0
   328     1     3     1     6     8     2     4     1     1     1     1     0     3     1     0   712     0
   329     2     5     0     1     3     5     7     0     1     1     1     1     3     1     0   619     0
   330     2     5     0     1     3     5     7     0     1     0     0     1     1     0     0   768     0
   331     2     6     2     3     5     7     1     0     1     1     1     1     2     0     0   484     0
   332     2     6     2     3     5     7     1     1     1     1     0     1     1     1     0   629     0
   333     2     5     0     1     3     5     7     0     1     1     1     1     2     1     0   648     0
   334     1     2     2     4     6     8     2     1     1     1     0     0     3     1     0   922     0
   335     2     7     0     5     7     1     3     0     0     0     1     0     3     1     1   807     0
   336     1     4     1     8     2     4     6     1     0     1     0     0     3     1     0   896     1
   337     1     4     1     8     2     4     6     0     1     0     1     1     1     1     1   736     0
   338     1     4     1     8     2     4     6     1     1     1     1     1     1     1     0   627     0
   339     2     8     1     7     1     3     5     0     0     0     1     1     3     1     1   584     0
   340     1     1     2     2     4     6     8     0     0     0     1     1     3     0     0   642     0
   341     2     8     1     7     1     3     5     0     1     0     0     1     3     0     1   631     0
   342     2     5     0     1     3     5     7     0     0     1     1     1     2     0     1   594     0
   343     2     6     2     3     5     7     1     1     0     0     1     1     2     1     0   824     0
   344     2     5     0     1     3     5     7     1     1     0     0     0     2     0     1   686     0
   345     1     1     2     2     4     6     8     0     1     0     1     0     3     1     0   718     0
   346     1     3     1     6     8     2     4     0     1     1     0     0     2     0     0   926     0
   347     2     6     2     3     5     7     1     1     1     0     0     1     3     1     0   670     0
   348     2     8     1     7     1     3     5     1     0     1     1     0     2     0     1   572     0
   349     1     1     2     2     4     6     8     1     0     0     1     1     3     0     0   742     0
   350     1     1     2     2     4     6     8     0     1     1     1     0     1     1     1   661     0
   351     1     3     1     6     8     2     4     0     1     1     1     0     2     0     0   759     0
   352     1     3     1     6     8     2     4     1     1     0     1     0     1     1     0   687     1
   353     1     3     1     6     8     2     4     0     1     1     0     1     1     1     0   624     0
   354     1     3     1     6     8     2     4     0     1     0     1     0     1     0     0   538     0
   355     2     6     2     3     5     7     1     1     1     0     0     0     3     1     0   667     0
   356     1     3     1     6     8     2     4     0     0     0     0     0     3     1     1   522     0
   357     1     2     2     4     6     8     2     1     0     1     1     1     2     1     0   841     1
   358     1     1     2     2     4     6     8     1     0     1     1     0     2     0     0   818     0
   359     2     7     0     5     7     1     3     0     0     1     0     1     3     1     0   707     0
   360     2     5     0     1     3     5     7     1     1     1     0     1     2     1     1  1335     0
   361     1     2     2     4     6     8     2     1     1     0     0     1     3     0     0   700     0
   362     2     5     0     1     3     5     7     0     1     1     0     1     3     1     0   573     0
   363     2     6     2     3     5     7     1     0     1     1     1     0     2     0     0   600     0
   364     2     6     2     3     5     7     1     1     1     1     0     0     1     1     0   858     0
   365     1     3     1     6     8     2     4     1     0     0     0     0     3     0     1   377     0
   366     1     3     1     6     8     2     4     0     1     0     1     1     1     1     1   877     0
   367     1     4     1     8     2     4     6     1     0     0     1     0     2     1     1   958     0
   368     1     4     1     8     2     4     6     0     0     0     0     0     1     1     0  1088     0
   369     2     7     0     5     7     1     3     0     0     1     1     1     3     0     0   645     0
   370     2     7     0     5     7     1     3     0     0     1     0     0     1     0     0   753     0
   371     2     8     1     7     1     3     5     0     0     0     0     0     2     0     0   662     0
   372     2     6     2     3     5     7     1     0     1     1     1     0     2     0     1   458     0
   373     2     5     0     1     3     5     7     0     1     0     1     0     2     0     0   478     0
   374     2     6     2     3     5     7     1     0     0     1     0     0     2     0     1   573     1
   375     2     5     0     1     3     5     7     1     1     1     1     1     2     1     1   600     0
   376     1     2     2     4     6     8     2     0     0     1     1     1     3     1     1   672     0
   377     1     3     1     6     8     2     4     1     1     1     0     1     2     1     1   836     0
   378     2     8     1     7     1     3     5     0     0     1     1     1     3     1     1   500     0
   379     2     5     0     1     3     5     7     0     0     1     1     0     2     0     0   614     0
   380     2     5     0     1     3     5     7     0     0     0     0     0     1     0     0   641     0
   381     1     2     2     4     6     8     2     1     1     1     1     0     3     1     1   630     0
   382     1     2     2     4     6     8     2     0     0     0     1     1     1     1     1   619     0
   383     2     7     0     5     7     1     3     0     1     0     1     1     3     0     1   599     0
   384     2     8     1     7     1     3     5     1     1     1     1     1     2     1     0   729     0
   385     2     6     2     3     5     7     1     1     1     0     0     1     2     0     0   702     0
   386     2     6     2     3     5     7     1     0     1     1     1     0     1     1     0   540     0
   387     1     3     1     6     8     2     4     1     0     0     0     0     3     1     1   621     0
   388     1     3     1     6     8     2     4     0     0     0     1     1     1     1     0   996     0
   389     1     1     2     2     4     6     8     0     0     1     1     0     2     0     0   657     0
   390     1     4     1     8     2     4     6     0     1     1     0     0     2     0     1   516     0
   391     2     6     2     3     5     7     1     1     1     0     1     1     3     1     0   528     0
   392     2     6     2     3     5     7     1     0     1     0     0     1     1     1     0   582     0
   393     1     4     1     8     2     4     6     1     1     0     1     0     3     1     0   622     0
   394     1     4     1     8     2     4     6     0     1     0     0     1     1     1     0   661     0
   395     1     3     1     6     8     2     4     0     0     0     0     0     2     0     1   819     0
   396     1     4     1     8     2     4     6     1     0     0     1     1     2     1     0   926     0
   397     2     6     2     3     5     7     1     1     1     1     0     1     3     0     1   471     0
   398     2     6     2     3     5     7     1     1     1     1     0     1     1     0     0   341     0
   399     1     2     2     4     6     8     2     1     1     0     0     1     3     0     0   454     0
   400     1     2     2     4     6     8     2     0     0     1     0     0     1     1     1   805     0
   401     2     7     0     5     7     1     3     0     0     1     1     1     3     0     0   717     0
   402     2     8     1     7     1     3     5     0     1     0     1     0     2     0     1   481     0
   403     1     1     2     2     4     6     8     0     1     0     0     1     3     0     0   464     0
   404     1     4     1     8     2     4     6     0     1     0     0     0     2     0     0   424     1
   405     1     3     1     6     8     2     4     0     0     0     0     1     2     0     1   816     0
   406     2     8     1     7     1     3     5     1     0     0     1     1     3     1     0   571     0
   407     2     5     0     1     3     5     7     0     0     1     1     0     2     1     0   452     1
   408     2     5     0     1     3     5     7     0     1     0     0     1     1     0     1  1020     0
   409     2     6     2     3     5     7     1     0     0     0     0     1     2     0     1   481     0
   410     2     6     2     3     5     7     1     1     0     0     1     0     1     1     0   737     0
   411     2     5     0     1     3     5     7     0     0     0     1     0     2     1     0   648     0
   412     2     5     0     1     3     5     7     0     0     0     1     0     1     0     0   474     0
   413     1     4     1     8     2     4     6     0     0     1     1     0     3     0     0   498     0
   414     1     4     1     8     2     4     6     0     1     1     0     0     1     0     1   495     0
   415     1     2     2     4     6     8     2     1     1     0     0     0     2     1     0  1453     0
   416     1     2     2     4     6     8     2     1     1     1     0     1     1     0     0  1086     0
   417     2     5     0     1     3     5     7     1     0     1     0     0     3     0     1   681     0
   418     2     6     2     3     5     7     1     1     1     0     0     1     2     0     1   611     0
   419     2     6     2     3     5     7     1     0     0     0     0     0     1     1     1   793     0
   420     2     5     0     1     3     5     7     0     0     0     0     1     2     0     0   556     0
   421     1     1     2     2     4     6     8     1     0     1     0     0     3     1     0   961     0
   422     1     3     1     6     8     2     4     1     0     0     1     0     2     0     0   473     1
   423     2     7     0     5     7     1     3     1     1     0     0     1     3     0     1   878     0
   424     2     7     0     5     7     1     3     0     1     0     0     0     1     1     0   668     0
   425     1     1     2     2     4     6     8     1     0     0     0     1     3     1     1   609     0
   426     1     1     2     2     4     6     8     0     0     1     0     1     1     1     0   677     0
   427     2     6     2     3     5     7     1     1     0     0     1     0     3     1     0   677     0
   428     1     1     2     2     4     6     8     0     1     1     1     1     3     1     1   479     0
   429     2     8     1     7     1     3     5     1     0     1     0     0     3     1     1   437     0
   430     2     8     1     7     1     3     5     0     0     0     1     0     1     1     0   668     1
   431     1     4     1     8     2     4     6     1     1     1     0     0     3     1     1   731     0
   432     2     7     0     5     7     1     3     1     0     0     0     1     3     0     1   406     0
   433     2     6     2     3     5     7     1     1     0     1     0     0     2     0     0   454     1
   434     2     8     1     7     1     3     5     0     1     0     0     1     2     1     1   699     0
   435     1     4     1     8     2     4     6     1     1     1     0     0     3     1     0   447     1
   436     1     1     2     2     4     6     8     1     0     1     1     1     2     0     1   536     0
   437     1     2     2     4     6     8     2     1     0     1     0     0     2     0     0   200     1
   438     1     4     1     8     2     4     6     1     0     0     0     0     2     0     0   564     0
   439     2     6     2     3     5     7     1     1     1     0     1     0     3     0     1   434     0
   440     2     5     0     1     3     5     7     1     1     1     1     1     2     0     0   424     0
   441     1     4     1     8     2     4     6     1     1     1     1     0     3     0     0   536     0
   442     1     4     1     8     2     4     6     1     1     1     0     1     1     0     0   443     0
   443     2     7     0     5     7     1     3     0     0     0     0     0     3     1     1   982     0
   444     2     7     0     5     7     1     3     1     0     1     1     1     1     1     0   482     0
   445     1     2     2     4     6     8     2     0     0     1     0     1     3     1     0   859     0
   446     1     2     2     4     6     8     2     0     0     0     0     0     1     0     0   529     0
   447     1     4     1     8     2     4     6     0     0     1     1     1     2     0     0   509     1
   448     1     4     1     8     2     4     6     0     0     1     1     1     1     0     0   576     0
   449     1     1     2     2     4     6     8     1     1     0     1     0     2     1     1   768     0
   450     1     1     2     2     4     6     8     0     0     1     0     0     1     1     1   808     0
   451     1     2     2     4     6     8     2     1     1     1     1     1     2     1     1   558     0
   452     1     2     2     4     6     8     2     0     1     0     1     0     1     1     0   940     0
   453     1     1     2     2     4     6     8     0     1     0     1     1     2     0     0   637     0
   454     1     1     2     2     4     6     8     0     1     1     0     0     1     0     0   411     0
   455     1     1     2     2     4     6     8     0     0     0     1     0     1     0     1   431     0
   456     1     1     2     2     4     6     8     1     0     1     1     0     1     1     0   708     0
   457     1     1     2     2     4     6     8     1     1     0     1     0     1     0     1   521     0
   458     1     2     2     4     6     8     2     0     1     1     1     1     2     1     0   701     0
   459     2     8     1     7     1     3     5     1     0     0     1     1     3     1     1   690     0
   460     2     8     1     7     1     3     5     0     0     0     1     0     1     1     0   530     0
   461     2     8     1     7     1     3     5     0     1     1     0     1     1     0     1   599     0
   462     2     8     1     7     1     3     5     1     1     1     0     1     1     1     0   560     1
   463     2     7     0     5     7     1     3     1     1     0     0     0     2     0     0   685     0
   464     2     5     0     1     3     5     7     1     0     1     1     0     2     0     1   837     0
   465     2     7     0     5     7     1     3     0     1     0     0     1     2     1     1   710     0
   466     2     7     0     5     7     1     3     1     1     1     1     0     1     1     0   472     0
   467     2     6     2     3     5     7     1     1     1     0     0     0     2     0     0   549     0
   468     2     6     2     3     5     7     1     1     1     0     0     1     1     0     0   406     0
   469     1     3     1     6     8     2     4     0     0     1     1     1     3     1     1   788     0
   470     1     3     1     6     8     2     4     1     1     0     1     0     1     1     1  1098     0
   471     1     3     1     6     8     2     4     1     0     1     1     0     1     0     1   515     0
   472     2     8     1     7     1     3     5     0     0     1     1     0     3     1     0   894     0
   473     1     3     1     6     8     2     4     0     0     1     1     1     3     0     0   478     0
   474     1     2     2     4     6     8     2     1     1     0     0     0     2     1     1   602     0
   475     2     8     1     7     1     3     5     1     0     1     1     0     3     0     1   531     0
   476     1     3     1     6     8     2     4     0     1     1     0     1     3     1     1   679     0
   477     1     4     1     8     2     4     6     0     1     1     0     1     2     0     0   547     0
   478     1     1     2     2     4     6     8     1     1     1     0     1     2     1     0   912     0
   479     1     4     1     8     2     4     6     1     1     1     0     1     2     0     0   729     0
   480     1     4     1     8     2     4     6     1     0     0     0     0     1     0     1   771     0
   481     1     1     2     2     4     6     8     1     1     1     1     1     2     0     1   622     0
   482     2     6     2     3     5     7     1     0     0     1     1     1     3     1     1   580     1
   483     1     3     1     6     8     2     4     1     0     0     1     1     3     1     0   865     0
   484     1     4     1     8     2     4     6     0     1     1     0     0     2     1     1   644     0
   485     1     1     2     2     4     6     8     1     1     1     0     1     2     1     0   504     0
   486     1     1     2     2     4     6     8     1     0     0     1     0     1     0     1   651     0
   487     2     8     1     7     1     3     5     1     1     0     1     1     3     0     1   518     0
   488     2     8     1     7     1     3     5     0     0     0     0     1     1     1     1   586     0
   489     2     8     1     7     1     3     5     0     1     1     1     0     1     0     1   844     0
   490     2     5     0     1     3     5     7     0     1     0     0     0     2     0     0   943     0
   491     1     2     2     4     6     8     2     1     1     0     0     0     3     1     0   719     0
   492     1     1     2     2     4     6     8     1     0     1     0     0     2     0     1   546     0
   493     2     5     0     1     3     5     7     0     0     0     0     0     3     1     0   677     0
   494     2     8     1     7     1     3     5     1     1     1     0     1     2     1     1   558     0
   495     1     4     1     8     2     4     6     0     0     1     1     1     3     1     1   488     0
   496     1     4     1     8     2     4     6     1     1     0     1     0     1     1     1   511     0
   497     1     1     2     2     4     6     8     1     1     1     1     1     2     0     0   391     0
   498     2     8     1     7     1     3     5     0     0     0     1     0     3     1     1   579     0
   499     2     5     0     1     3     5     7     1     1     0     0     0     2     1     1   446     0
   500     2     5     0     1     3     5     7     0     0     0     0     1     1     1     1   775     0
   501     2     5     0     1     3     5     7     0     1     0     1     0     1     0     1   365     0
   502     2     5     0     1     3     5     7     0     1     1     0     0     1     0     0   378     0
   503     1     3     1     6     8     2     4     1     0     0     0     1     3     1     1   662     0
   504     1     2     2     4     6     8     2     1     0     1     0     0     2     0     0   402     1
   505     2     8     1     7     1     3     5     1     1     1     1     1     3     0     1   585     0
   506     2     8     1     7     1     3     5     0     1     1     0     0     1     1     0   643     0
   507     1     3     1     6     8     2     4     0     1     0     1     0     3     0     0   477     1
   508     1     4     1     8     2     4     6     0     0     0     1     0     2     0     1   620     0
   509     1     4     1     8     2     4     6     0     0     0     0     0     1     0     0   619     0
   510     1     3     1     6     8     2     4     1     1     1     0     0     2     1     1   830     0
   511     1     4     1     8     2     4     6     1     0     1     0     0     2     0     1   694     0
   512     2     7     0     5     7     1     3     0     0     0     0     0     3     1     0   750     0
   513     2     7     0     5     7     1     3     0     1     1     0     1     1     0     1   495     0
   514     2     6     2     3     5     7     1     1     0     0     1     1     2     1     1   621     0
   515     2     8     1     7     1     3     5     1     1     0     1     0     2     0     1   430     0
   516     2     7     0     5     7     1     3     0     0     0     1     0     2     1     1   700     0
   517     1     2     2     4     6     8     2     0     1     1     1     0     3     0     1   557     0
   518     1     2     2     4     6     8     2     1     0     0     0     1     1     1     1   681     0
   519     1     2     2     4     6     8     2     0     0     1     1     0     1     1     0   708     0
   520     1     2     2     4     6     8     2     1     1     0     1     0     1     1     1   556     0
   521     2     8     1     7     1     3     5     0     1     1     0     1     3     1     0  1023     0
   522     1     3     1     6     8     2     4     0     1     0     1     1     3     0     0   523     0
   523     2     8     1     7     1     3     5     0     1     0     1     1     3     0     0   401     0
   524     2     8     1     7     1     3     5     1     1     1     1     1     1     1     0   509     0
   525     2     6     2     3     5     7     1     0     0     1     1     1     2     1     1   581     0
   526     2     6     2     3     5     7     1     1     1     0     1     0     1     1     1   441     0
   527     2     8     1     7     1     3     5     1     0     1     1     0     2     0     1   395     0
   528     2     6     2     3     5     7     1     1     1     0     1     0     2     0     1   434     0
   529     1     1     2     2     4     6     8     0     1     1     0     0     3     1     0   716     0
   530     1     1     2     2     4     6     8     0     1     0     0     0     1     0     0   492     0
   531     1     2     2     4     6     8     2     1     1     1     1     1     2     1     0   693     0
   532     1     2     2     4     6     8     2     0     1     0     1     1     1     1     0   494     0
   533     2     5     0     1     3     5     7     0     1     1     1     1     3     0     0   592     0
   534     2     5     0     1     3     5     7     0     1     1     1     1     1     0     0   531     0
   535     1     2     2     4     6     8     2     0     1     0     1     0     3     0     0   497     0
   536     1     4     1     8     2     4     6     0     1     0     0     1     2     0     0   490     0
   537     1     2     2     4     6     8     2     0     1     1     0     0     2     0     0   815     0
   538     1     2     2     4     6     8     2     0     1     0     0     0     1     0     0   441     0
   539     2     5     0     1     3     5     7     0     1     1     0     0     3     0     0   419     1
   540     2     5     0     1     3     5     7     0     1     0     0     1     1     0     0   565     0
   541     2     6     2     3     5     7     1     0     1     0     0     0     2     0     0   474     0
   542     2     6     2     3     5     7     1     1     0     0     1     0     1     1     1   596     0
   543     2     5     0     1     3     5     7     0     1     1     0     1     2     1     1   671     0
   544     2     5     0     1     3     5     7     1     0     1     0     1     1     1     1   547     1
   545     2     8     1     7     1     3     5     1     1     1     1     1     2     0     1   593     0
   546     2     6     2     3     5     7     1     1     0     1     1     1     2     0     1   721     0
   547     1     4     1     8     2     4     6     0     1     1     0     1     3     1     1   601     0
   548     1     4     1     8     2     4     6     0     0     1     1     0     1     0     1  1035     0
   549     2     7     0     5     7     1     3     1     0     1     1     0     3     1     0   932     0
   550     2     7     0     5     7     1     3     1     1     1     1     0     1     0     1   577     0
   551     1     4     1     8     2     4     6     0     1     1     1     0     3     1     0   665     0
   552     1     4     1     8     2     4     6     1     1     0     1     0     1     1     0   583     0
   553     2     8     1     7     1     3     5     0     1     1     0     1     3     1     0   649     0
   554     2     8     1     7     1     3     5     0     0     1     1     0     1     0     1   547     0
   555     2     5     0     1     3     5     7     1     0     0     1     1     2     1     0   790     0
   556     2     8     1     7     1     3     5     1     1     1     1     1     2     0     1   461     0
   557     1     1     2     2     4     6     8     0     0     0     1     1     3     1     1   607     0
   558     1     3     1     6     8     2     4     1     1     0     0     0     2     1     1   727     0
   559     1     2     2     4     6     8     2     1     1     0     1     1     2     0     0   593     1
   560     1     2     2     4     6     8     2     1     1     1     1     1     1     0     0   466     0
   561     2     6     2     3     5     7     1     0     0     0     1     1     3     1     1   720     0
   562     2     6     2     3     5     7     1     1     0     1     1     0     1     1     0   547     0
   563     2     6     2     3     5     7     1     1     1     0     0     0     1     0     1   453     0
   564     2     7     0     5     7     1     3     0     0     1     0     1     2     1     1   579     0
   565     1     3     1     6     8     2     4     0     1     0     0     0     3     0     1   867     0
   566     1     3     1     6     8     2     4     0     0     0     0     1     1     0     1   462     0
   567     1     3     1     6     8     2     4     0     1     0     1     0     1     0     1   706     0
   568     1     3     1     6     8     2     4     0     1     0     0     1     1     0     0   436     0
   569     2     8     1     7     1     3     5     1     0     1     1     0     3     1     1   873     0
   570     2     8     1     7     1     3     5     0     0     1     1     1     1     1     0   694     0
   571     1     2     2     4     6     8     2     1     0     0     1     1     3     1     0   980     0
   572     2     7     0     5     7     1     3     1     0     0     1     0     3     0     0   464     0
   573     2     8     1     7     1     3     5     0     1     1     0     0     2     1     1   518     0
   574     2     8     1     7     1     3     5     0     1     0     1     1     1     0     0   467     0
   575     1     1     2     2     4     6     8     1     1     1     0     1     3     1     0   605     0
   576     1     1     2     2     4     6     8     0     1     0     0     0     1     1     0   842     0
   577     2     7     0     5     7     1     3     0     0     1     0     1     3     0     1   502     0
   578     2     8     1     7     1     3     5     1     1     0     1     1     2     1     1   542     0
   579     1     3     1     6     8     2     4     0     0     0     0     0     3     1     1   416     0
   580     1     4     1     8     2     4     6     1     1     1     0     1     2     1     1   661     0
   581     2     8     1     7     1     3     5     0     0     0     1     0     3     1     1   461     0
   582     2     8     1     7     1     3     5     1     0     1     0     1     1     1     0   472     0
   583     2     5     0     1     3     5     7     0     1     0     1     1     2     1     1   622     0
   584     2     5     0     1     3     5     7     0     0     1     0     1     1     0     1   514     0
   585     1     4     1     8     2     4     6     0     1     0     0     0     3     0     1   533     0
   586     1     4     1     8     2     4     6     0     1     0     0     0     1     0     0   395     0
   587     1     3     1     6     8     2     4     1     1     0     1     1     2     1     0   820     0
   588     1     3     1     6     8     2     4     1     0     1     0     0     1     0     1   559     0
   589     2     8     1     7     1     3     5     0     1     0     0     0     3     1     1   489     0
   590     2     7     0     5     7     1     3     0     1     0     0     0     2     0     0   625     0
   591     2     7     0     5     7     1     3     1     0     0     0     1     1     1     1   853     0
   592     1     4     1     8     2     4     6     1     0     1     0     1     3     0     0  1202     0
   593     2     7     0     5     7     1     3     0     0     1     0     0     3     1     0   957     0
   594     2     5     0     1     3     5     7     1     0     1     0     0     2     1     0   920     0
   595     2     6     2     3     5     7     1     0     0     0     0     0     2     1     0  1014     0
   596     2     7     0     5     7     1     3     0     1     1     0     0     2     0     1   616     0
   597     1     2     2     4     6     8     2     0     0     0     1     0     3     0     1  1114     0
   598     1     2     2     4     6     8     2     1     0     0     1     0     1     1     0   563     0
   599     1     1     2     2     4     6     8     1     0     0     0     1     2     0     0   564     0
   600     1     1     2     2     4     6     8     1     0     1     1     1     1     0     0   325     1
   601     2     6     2     3     5     7     1     0     0     0     0     0     3     1     0   792     0
   602     1     1     2     2     4     6     8     1     0     1     0     0     3     1     0   378     0
   603     1     4     1     8     2     4     6     0     1     1     1     1     2     1     1   562     0
   604     1     1     2     2     4     6     8     0     1     1     1     1     2     0     0   476     0
   605     2     7     0     5     7     1     3     0     1     1     1     0     3     0     0   605     0
   606     1     2     2     4     6     8     2     0     1     0     0     1     3     0     0   637     0
   607     2     8     1     7     1     3     5     0     0     1     1     1     3     0     1   545     0
   608     2     8     1     7     1     3     5     0     1     0     1     1     1     0     1   545     0
   609     1     4     1     8     2     4     6     0     1     1     0     1     3     0     0   517     0
   610     1     4     1     8     2     4     6     0     0     1     0     0     1     0     1   665     0
   611     1     4     1     8     2     4     6     0     0     1     0     0     1     0     0   373     0
   612     1     3     1     6     8     2     4     0     1     0     1     1     2     0     1   430     1
   613     2     5     0     1     3     5     7     1     1     1     1     0     3     1     0   763     0
   614     2     6     2     3     5     7     1     0     1     1     1     0     2     1     0   871     0
   615     2     5     0     1     3     5     7     1     0     0     0     1     2     1     1   529     0
   616     1     4     1     8     2     4     6     0     1     1     1     1     3     1     1   467     0
   617     1     2     2     4     6     8     2     1     0     1     0     0     2     1     1   779     0
   618     1     2     2     4     6     8     2     0     1     0     0     0     1     1     1   544     1
   619     1     4     1     8     2     4     6     1     0     0     1     0     2     1     1   674     0
   620     1     4     1     8     2     4     6     1     0     0     1     0     1     0     0   487     0
   621     1     3     1     6     8     2     4     0     1     1     1     1     2     1     1   648     0
   622     2     6     2     3     5     7     1     1     0     0     1     1     3     1     1   564     0
   623     2     5     0     1     3     5     7     1     1     1     0     0     2     0     1   403     0
   624     2     6     2     3     5     7     1     0     0     1     1     0     2     1     1   559     0
   625     1     1     2     2     4     6     8     0     0     1     0     1     3     0     0   753     0
   626     1     1     2     2     4     6     8     1     1     0     0     1     1     1     1   493     0
   627     2     5     0     1     3     5     7     1     1     1     1     0     3     0     0   493     0
   628     2     5     0     1     3     5     7     0     0     0     1     0     1     1     1   570     0
   629     2     6     2     3     5     7     1     1     0     0     0     1     2     1     0   487     1
   630     2     6     2     3     5     7     1     0     0     1     1     1     1     1     0   800     0
   631     2     5     0     1     3     5     7     0     1     0     0     0     2     0     1   550     1
   632     2     5     0     1     3     5     7     1     0     0     1     1     1     1     1   971     0
   633     1     3     1     6     8     2     4     0     1     0     1     1     3     1     1  1218     0
   634     1     3     1     6     8     2     4     1     1     1     1     1     1     1     0   638     0
   635     1     1     2     2     4     6     8     0     0     0     0     1     2     1     1   597     0
   636     1     2     2     4     6     8     2     0     0     0     1     1     2     0     0   780     0
   637     2     7     0     5     7     1     3     0     1     0     1     1     3     0     1   538     0
   638     2     7     0     5     7     1     3     0     0     1     0     1     1     0     1   516     0
   639     2     6     2     3     5     7     1     0     0     1     1     0     2     0     0   578     0
   640     2     6     2     3     5     7     1     1     0     1     1     0     1     1     0   636     0
   641     1     2     2     4     6     8     2     1     0     0     1     1     3     0     0   401     0
   642     1     2     2     4     6     8     2     0     1     1     1     1     1     1     1   441     0
   643     2     5     0     1     3     5     7     0     0     0     1     0     3     0     1   691     0
   644     1     4     1     8     2     4     6     1     0     1     0     0     3     1     0   757     0
   645     2     7     0     5     7     1     3     1     0     0     1     1     3     0     0   891     0
   646     2     5     0     1     3     5     7     1     0     1     1     1     2     0     0   608     0
   647     2     5     0     1     3     5     7     0     0     1     0     0     1     1     0   448     0
   648     1     2     2     4     6     8     2     0     0     0     0     0     3     0     0   504     0
   649     2     5     0     1     3     5     7     1     1     1     0     0     3     1     1   463     0
   650     2     5     0     1     3     5     7     0     1     0     1     0     1     1     0   675     0
   651     1     1     2     2     4     6     8     0     1     0     1     1     3     0     0   457     0
   652     2     6     2     3     5     7     1     0     0     1     0     1     3     0     1   511     0
   653     2     5     0     1     3     5     7     0     0     1     0     0     2     0     0   652     0
   654     2     7     0     5     7     1     3     0     0     1     1     0     2     0     0   632     0
   655     1     2     2     4     6     8     2     0     0     1     1     1     3     0     0   485     1
   656     1     3     1     6     8     2     4     1     1     0     1     0     2     1     1   949     0
   657     1     3     1     6     8     2     4     1     0     1     1     0     1     0     1   435     0
   658     1     4     1     8     2     4     6     0     1     0     1     0     2     1     1   720     0
   659     2     8     1     7     1     3     5     0     0     0     0     1     3     0     1   402     0
   660     2     5     0     1     3     5     7     0     1     0     1     1     2     0     1   489     0
   661     2     7     0     5     7     1     3     1     1     1     1     1     2     1     0   661     0
   662     2     7     0     5     7     1     3     1     0     1     0     1     1     0     1   513     0
   663     1     1     2     2     4     6     8     1     1     0     1     1     3     0     1   408     0
   664     1     1     2     2     4     6     8     1     0     0     0     1     1     0     1   500     0
   665     2     5     0     1     3     5     7     1     0     0     1     1     3     0     0   554     0
   666     1     4     1     8     2     4     6     1     0     1     0     0     3     0     0   617     0
   667     2     7     0     5     7     1     3     0     1     0     1     1     3     1     1   877     0
   668     1     4     1     8     2     4     6     0     0     1     0     0     3     0     1   514     0
   669     2     7     0     5     7     1     3     0     0     1     0     0     3     0     0   648     0
   670     2     7     0     5     7     1     3     1     1     1     1     0     1     1     1   582     1
   671     1     1     2     2     4     6     8     0     1     0     1     0     3     1     0   755     0
   672     1     1     2     2     4     6     8     1     0     0     1     0     1     1     1   925     0
   673     2     8     1     7     1     3     5     0     1     0     1     1     3     1     1   632     1
   674     2     8     1     7     1     3     5     0     1     0     1     0     1     0     0   578     0
   675     2     5     0     1     3     5     7     0     0     1     1     1     2     0     1   384     1
   676     2     5     0     1     3     5     7     0     0     1     1     1     1     0     0   489     0
   677     1     1     2     2     4     6     8     0     0     0     1     0     3     0     0   467     0
   678     1     1     2     2     4     6     8     0     1     1     0     1     1     0     1   487     0
   679     2     7     0     5     7     1     3     0     1     1     1     0     3     0     0  1119     0
   680     1     2     2     4     6     8     2     0     0     1     0     1     3     0     1   650     0
   681     1     1     2     2     4     6     8     1     0     0     1     0     2     1     0   806     0
   682     1     1     2     2     4     6     8     0     1     1     1     0     1     1     1   546     0
   683     1     4     1     8     2     4     6     0     0     0     0     1     2     0     1   449     0
   684     1     4     1     8     2     4     6     0     0     0     0     1     1     0     0   413     0
   685     2     8     1     7     1     3     5     0     1     1     1     0     3     0     1   511     0
   686     2     8     1     7     1     3     5     0     0     1     1     0     1     0     1   446     0
   687     2     6     2     3     5     7     1     0     0     0     1     1     2     0     0   630     0
   688     2     6     2     3     5     7     1     0     1     0     1     0     1     0     1   747     0
   689     1     2     2     4     6     8     2     1     1     0     1     1     3     1     0   692     0
   690     2     5     0     1     3     5     7     0     1     0     1     0     3     1     0   605     0
   691     1     2     2     4     6     8     2     1     1     1     0     1     3     1     0   677     0
   692     1     2     2     4     6     8     2     0     1     1     1     0     1     1     0   614     0
   693     1     1     2     2     4     6     8     1     0     0     0     0     2     1     1   692     0
   694     1     1     2     2     4     6     8     0     1     0     0     0     1     1     1   700     0
   695     2     7     0     5     7     1     3     1     0     0     0     0     3     1     1   564     0
   696     1     4     1     8     2     4     6     0     0     0     1     1     3     1     0   543     0
   697     2     6     2     3     5     7     1     1     1     1     0     1     3     1     1   602     0
   698     2     6     2     3     5     7     1     0     0     1     1     0     1     1     1   557     0
   699     1     3     1     6     8     2     4     1     1     1     1     0     3     1     1  1295     0
   700     1     1     2     2     4     6     8     1     1     1     1     0     2     0     0   458     0
   701     2     5     0     1     3     5     7     0     1     1     1     1     3     1     0   517     0
   702     2     8     1     7     1     3     5     1     0     0     1     1     2     1     1   495     0
   703     1     1     2     2     4     6     8     1     0     1     0     0     3     0     0   358     1
   704     1     3     1     6     8     2     4     1     1     0     1     1     2     0     1   563     0
   705     2     5     0     1     3     5     7     1     1     0     1     1     3     0     0   455     0
   706     2     5     0     1     3     5     7     1     0     0     1     0     1     0     1   519     0
   707     2     7     0     5     7     1     3     1     0     0     0     0     2     0     0   419     0
   708     2     8     1     7     1     3     5     0     0     0     1     0     2     1     0   868     0
   709     1     1     2     2     4     6     8     0     0     1     1     1     3     0     0   736     0
   710     1     1     2     2     4     6     8     0     0     0     1     0     1     0     0   507     0
   711     1     1     2     2     4     6     8     0     0     0     1     0     1     0     0   392     0
   712     1     1     2     2     4     6     8     1     1     1     0     0     1     1     1   668     0
   713     2     7     0     5     7     1     3     1     0     1     0     0     3     0     1   524     0
   714     2     8     1     7     1     3     5     0     0     0     0     1     2     1     0   591     0
   715     2     5     0     1     3     5     7     0     0     1     1     1     2     0     0   828     0
   716     2     5     0     1     3     5     7     0     1     0     1     0     1     0     1   485     0
   717     2     7     0     5     7     1     3     1     1     0     1     1     2     1     0   730     0
   718     2     7     0     5     7     1     3     0     1     0     0     1     1     1     0   551     0
   719     1     4     1     8     2     4     6     0     1     1     0     1     3     0     0   508     0
   720     1     4     1     8     2     4     6     1     0     0     0     1     1     1     1   613     0
   721     2     6     2     3     5     7     1     0     0     0     1     0     3     1     0   524     1
   722     2     6     2     3     5     7     1     0     0     1     1     1     1     0     0   533     0
   723     1     4     1     8     2     4     6     1     0     0     1     1     3     1     0   550     0
   724     1     1     2     2     4     6     8     1     0     1     1     1     2     0     0   610     0
   725     1     2     2     4     6     8     2     0     1     0     1     0     2     1     1   967     0
   726     2     7     0     5     7     1     3     0     1     0     1     1     3     0     0  1500     2
   727     1     3     1     6     8     2     4     1     0     1     1     0     3     1     1   755     0
   728     1     1     2     2     4     6     8     0     0     0     0     1     2     1     0   701     0
   729     2     7     0     5     7     1     3     0     1     0     0     1     3     0     1   568     0
   730     2     8     1     7     1     3     5     0     1     0     0     0     2     0     0   509     0
   731     2     8     1     7     1     3     5     0     0     0     0     1     1     0     1  1090     0
   732     2     6     2     3     5     7     1     1     1     0     0     0     2     1     1   647     0
   733     2     6     2     3     5     7     1     1     0     1     0     0     1     0     1  1089     0
   734     2     6     2     3     5     7     1     0     0     1     0     1     1     1     0   522     0
   735     2     8     1     7     1     3     5     0     1     0     0     1     2     0     1   476     0
   736     2     5     0     1     3     5     7     1     0     1     0     1     2     1     1   689     0
   737     1     3     1     6     8     2     4     0     1     1     1     1     3     1     1   697     0
   738     1     3     1     6     8     2     4     1     1     0     1     0     1     1     0   995     0
   739     2     7     0     5     7     1     3     0     0     1     1     0     3     1     1   609     0
   740     2     8     1     7     1     3     5     1     0     1     1     1     2     1     0   871     0
   741     1     1     2     2     4     6     8     1     1     1     1     0     3     0     1   438     0
   742     1     1     2     2     4     6     8     0     0     0     1     0     1     1     1   739     0
   743     1     2     2     4     6     8     2     0     0     1     1     0     2     0     0   621     0
   744     1     2     2     4     6     8     2     1     0     0     1     1     1     1     0   738     0
   745     2     7     0     5     7     1     3     1     0     0     0     1     3     0     0   440     0
   746     1     2     2     4     6     8     2     0     1     0     0     1     3     1     1   521     1
   747     2     8     1     7     1     3     5     1     1     1     1     1     3     1     0   604     0
   748     2     8     1     7     1     3     5     0     0     0     0     1     1     1     1   547     0
   749     2     5     0     1     3     5     7     1     1     0     0     0     2     1     1   656     0
   750     1     2     2     4     6     8     2     0     0     1     0     1     3     1     1   845     0
   751     2     7     0     5     7     1     3     0     1     0     0     0     3     0     1   714     0
   752     2     7     0     5     7     1     3     0     1     1     1     1     1     0     0   459     0
   753     1     3     1     6     8     2     4     0     1     0     1     1     3     0     0   415     1
   754     1     3     1     6     8     2     4     1     1     1     1     1     1     1     0   585     0
   755     2     7     0     5     7     1     3     0     0     0     1     1     3     1     1   639     0
   756     2     7     0     5     7     1     3     0     0     0     0     1     1     0     0   439     0
   757     2     5     0     1     3     5     7     1     0     0     0     1     2     1     0   865     1
   758     2     5     0     1     3     5     7     0     1     1     1     1     1     1     1   702     0
   759     2     6     2     3     5     7     1     0     1     1     0     0     2     0     0   467     1
   760     2     7     0     5     7     1     3     1     0     0     0     0     2     1     1  1094     0
   761     1     3     1     6     8     2     4     0     1     0     0     1     3     1     1   589     0
   762     1     2     2     4     6     8     2     1     1     0     0     0     2     1     0   789     0
   763     2     5     0     1     3     5     7     0     0     0     1     1     3     1     1   585     0
   764     2     5     0     1     3     5     7     0     0     0     1     0     1     0     0   502     0
   765     2     7     0     5     7     1     3     1     1     1     1     1     2     1     1   573     0
   766     2     7     0     5     7     1     3     0     1     0     1     0     1     1     0   506     0
   767     2     6     2     3     5     7     1     1     0     0     0     0     2     1     1   493     0
   768     2     6     2     3     5     7     1     0     0     0     1     1     1     1     0   711     0
   769     1     3     1     6     8     2     4     1     0     0     1     1     3     1     0   766     0
   770     1     3     1     6     8     2     4     1     0     0     0     0     1     0     0   424     0
   771     1     3     1     6     8     2     4     0     1     0     1     0     1     1     1   804     0
   772     1     2     2     4     6     8     2     1     0     1     1     1     2     1     1   676     0
   773     1     3     1     6     8     2     4     1     1     1     1     0     2     0     1   527     0
   774     1     3     1     6     8     2     4     0     0     1     1     0     1     1     1   624     0
   775     2     8     1     7     1     3     5     1     1     0     0     0     3     1     1   527     0
   776     2     8     1     7     1     3     5     0     1     1     0     1     1     1     0   592     0
   777     1     4     1     8     2     4     6     1     0     1     0     1     3     1     1   835     0
   778     1     2     2     4     6     8     2     1     1     0     1     0     2     0     1   470     0
   779     1     4     1     8     2     4     6     0     1     1     0     0     2     1     0   927     0
   780     1     4     1     8     2     4     6     0     1     0     0     1     1     0     0   494     0
   781     1     2     2     4     6     8     2     1     1     1     1     1     2     1     0   589     0
   782     1     3     1     6     8     2     4     1     0     0     0     1     2     0     1   746     0
   783     1     1     2     2     4     6     8     1     1     0     1     0     2     0     1   415     0
   784     1     1     2     2     4     6     8     0     1     1     0     0     1     1     0   600     0
   785     2     5     0     1     3     5     7     1     0     0     0     0     3     1     1   728     0
   786     2     6     2     3     5     7     1     1     1     0     0     0     2     0     1   517     0
   787     2     5     0     1     3     5     7     1     0     1     1     1     2     0     1   480     0
   788     2     5     0     1     3     5     7     0     1     0     1     0     1     1     1   779     0
   789     1     2     2     4     6     8     2     1     1     0     1     1     3     1     0   646     0
   790     1     3     1     6     8     2     4     0     0     1     0     0     2     1     1  1182     1
   791     1     4     1     8     2     4     6     1     0     0     0     1     2     1     0   754     0
   792     1     1     2     2     4     6     8     0     0     0     0     1     2     1     0  1377     0
   793     2     5     0     1     3     5     7     1     0     1     0     1     3     1     0   670     0
   794     2     5     0     1     3     5     7     0     1     1     0     1     1     1     1   561     0
   795     2     8     1     7     1     3     5     1     0     1     0     1     2     1     1   738     0
   796     2     5     0     1     3     5     7     0     0     1     1     1     2     1     0   699     0
   797     2     8     1     7     1     3     5     1     0     0     1     0     2     1     0   756     0
   798     2     8     1     7     1     3     5     1     0     1     0     0     1     0     0   426     0
   799     2     5     0     1     3     5     7     1     0     1     1     1     2     0     0   615     0
   800     2     6     2     3     5     7     1     0     1     0     1     0     2     1     1   679     0
   801     2     8     1     7     1     3     5     0     0     0     0     1     2     0     1   456     0
   802     1     1     2     2     4     6     8     0     0     0     1     0     3     0     0   510     0
   803     1     1     2     2     4     6     8     0     0     1     1     0     1     0     0   414     0
   804     1     1     2     2     4     6     8     1     0     0     1     1     1     1     0   589     1
   805     1     3     1     6     8     2     4     1     0     0     1     0     2     0     0   485     0
   806     1     4     1     8     2     4     6     0     1     0     0     1     2     1     1   837     0
   807     1     2     2     4     6     8     2     0     1     1     0     0     2     0     0   516     1
   808     1     2     2     4     6     8     2     1     0     1     1     1     1     1     1   827     0
   809     1     2     2     4     6     8     2     1     0     1     1     1     1     0     0   493     0
   810     1     2     2     4     6     8     2     0     1     1     0     0     1     1     1   671     0
   811     1     2     2     4     6     8     2     0     0     0     1     1     1     0     1   516     0
   812     2     7     0     5     7     1     3     1     0     1     0     0     3     1     0   538     0
   813     1     1     2     2     4     6     8     0     1     0     0     1     3     1     1   758     0
   814     2     8     1     7     1     3     5     1     1     0     0     0     3     1     0   502     1
   815     1     3     1     6     8     2     4     0     0     0     1     0     3     1     1   674     0
   816     1     3     1     6     8     2     4     1     0     0     0     0     1     1     0   519     0
   817     1     4     1     8     2     4     6     1     0     1     0     0     2     0     0   484     0
   818     1     3     1     6     8     2     4     1     0     1     0     0     2     0     0   755     0
   819     2     8     1     7     1     3     5     0     1     0     0     0     3     1     1   814     0
   820     2     8     1     7     1     3     5     1     1     1     1     0     1     1     0   517     0
   821     1     3     1     6     8     2     4     0     1     1     1     0     3     1     0   520     0
   822     1     3     1     6     8     2     4     1     1     0     0     1     1     1     0   453     0
   823     1     1     2     2     4     6     8     0     0     0     1     0     2     1     1   656     0
   824     1     2     2     4     6     8     2     1     0     0     1     1     2     1     0   821     0
   825     1     2     2     4     6     8     2     1     0     0     0     1     1     0     0   468     0
   826     1     3     1     6     8     2     4     0     1     0     0     0     2     1     1   967     0
   827     1     3     1     6     8     2     4     0     0     1     0     0     1     0     1   531     0
   828     1     3     1     6     8     2     4     0     1     0     0     1     1     0     1   522     0
   829     1     3     1     6     8     2     4     0     1     1     0     0     1     0     0   396     0
   830     1     4     1     8     2     4     6     0     0     1     1     0     2     0     1   575     0
   831     1     2     2     4     6     8     2     0     0     1     1     0     2     0     0   617     0
   832     1     2     2     4     6     8     2     1     0     1     1     0     1     1     0   562     0
   833     2     8     1     7     1     3     5     1     1     0     0     0     3     0     1   637     1
   834     2     8     1     7     1     3     5     0     0     1     0     1     1     1     1   674     0
   835     1     4     1     8     2     4     6     0     1     0     0     1     3     0     1   560     0
   836     1     4     1     8     2     4     6     1     0     0     0     0     1     1     1   560     0
   837     2     5     0     1     3     5     7     0     1     0     1     0     3     1     1   548     0
   838     2     5     0     1     3     5     7     1     1     0     0     1     1     1     0   633     0
   839     2     8     1     7     1     3     5     0     0     0     0     1     2     1     1   429     0
   840     2     8     1     7     1     3     5     0     0     0     1     1     1     0     0   608     0
   841     1     1     2     2     4     6     8     0     1     1     0     0     3     0     1   474     0
   842     2     6     2     3     5     7     1     0     0     1     1     0     3     0     1   493     0
   843     1     3     1     6     8     2     4     0     0     0     0     1     3     0     0   448     0
   844     2     6     2     3     5     7     1     1     1     0     1     0     3     1     1   460     0
   845     1     4     1     8     2     4     6     0     1     1     1     0     3     1     0   485     0
   846     1     1     2     2     4     6     8     1     0     1     0     0     2     1     1   484     0
   847     1     4     1     8     2     4     6     0     0     0     0     0     2     1     0   538     0
   848     1     4     1     8     2     4     6     1     1     1     0     0     1     1     1   440     0
   849     1     3     1     6     8     2     4     0     0     1     1     1     2     1     1   379     1
   850     1     3     1     6     8     2     4     1     0     0     0     1     1     1     0   515     0
   851     2     7     0     5     7     1     3     1     0     1     0     1     3     0     0   535     0
   852     2     7     0     5     7     1     3     1     0     0     1     0     1     0     0   420     0
   853     1     4     1     8     2     4     6     1     0     0     1     1     3     0     0   434     0
   854     2     5     0     1     3     5     7     0     1     0     0     1     3     1     1   941     0
   855     1     3     1     6     8     2     4     0     1     1     0     1     3     0     0   868     0
   856     2     6     2     3     5     7     1     0     0     0     0     0     3     0     1   500     0
   857     2     5     0     1     3     5     7     0     1     1     1     1     2     0     1   445     0
   858     2     6     2     3     5     7     1     0     0     0     1     1     2     0     1   573     0
   859     1     4     1     8     2     4     6     0     1     0     0     1     3     0     1   403     1
   860     1     4     1     8     2     4     6     1     1     1     1     0     1     1     0   693     0
   861     1     4     1     8     2     4     6     0     0     1     1     1     1     1     1   459     0
   862     1     4     1     8     2     4     6     0     0     0     0     1     1     0     0   471     0
   863     2     6     2     3     5     7     1     1     0     0     1     1     3     1     0   390     1
   864     2     6     2     3     5     7     1     0     1     1     1     1     1     1     1   729     0
   865     1     4     1     8     2     4     6     0     1     1     1     0     3     0     0   440     1
   866     1     4     1     8     2     4     6     0     1     1     0     0     1     0     0   485     0
   867     2     6     2     3     5     7     1     0     0     0     0     1     3     0     1   537     0
   868     2     6     2     3     5     7     1     1     0     1     0     0     1     1     0   881     0
   869     1     3     1     6     8     2     4     0     1     1     1     1     3     1     1   569     0
   870     1     3     1     6     8     2     4     0     1     1     0     0     1     0     0   529     0
   871     2     5     0     1     3     5     7     0     1     1     1     0     3     0     0   734     0
   872     2     5     0     1     3     5     7     1     1     1     1     1     1     1     0   561     0
   873     2     8     1     7     1     3     5     1     0     0     0     0     2     0     1   615     0
   874     2     8     1     7     1     3     5     1     1     0     0     0     1     0     1   522     0
   875     1     4     1     8     2     4     6     1     0     1     0     1     3     0     1   476     0
   876     1     4     1     8     2     4     6     1     0     1     1     0     1     0     0   353     0
   877     1     3     1     6     8     2     4     1     1     1     1     1     2     0     1   572     0
   878     1     3     1     6     8     2     4     0     1     1     0     0     1     1     0   542     0
   879     2     6     2     3     5     7     1     0     1     0     1     0     3     0     0   505     0
   880     2     6     2     3     5     7     1     1     0     0     1     0     1     1     1   543     1
   881     1     3     1     6     8     2     4     0     1     1     0     0     3     1     1   684     0
   882     1     3     1     6     8     2     4     0     0     1     0     1     1     0     1   447     0
   883     2     7     0     5     7     1     3     0     0     1     0     0     3     0     0   495     0
   884     2     6     2     3     5     7     1     0     0     0     0     0     2     0     0   568     0
   885     2     6     2     3     5     7     1     0     1     0     1     0     1     0     1   375     0
   886     2     6     2     3     5     7     1     1     0     0     1     0     1     1     1   752     0
   887     2     8     1     7     1     3     5     1     1     1     0     0     2     0     1   545     0
   888     2     7     0     5     7     1     3     1     0     1     0     0     2     0     1   430     0
   889     1     1     2     2     4     6     8     0     1     1     0     1     3     1     1   567     0
   890     1     1     2     2     4     6     8     1     1     0     1     1     1     1     0   685     0
   891     1     4     1     8     2     4     6     0     1     0     0     0     2     1     0   554     1
   892     1     4     1     8     2     4     6     1     0     0     1     1     1     1     1   659     0
   893     2     5     0     1     3     5     7     1     1     1     0     1     3     0     1   640     0
   894     2     5     0     1     3     5     7     0     1     0     1     1     1     1     0  1066     0
   895     2     7     0     5     7     1     3     0     0     0     0     0     2     0     1   456     0
   896     2     7     0     5     7     1     3     1     0     1     0     1     1     1     0   442     0
