     1     2     5     0     1     3     5     7     1     0     0     1     0     0     0     0  1500     2
     2     2     5     0     1     3     5     7     1     0     1     0     0     1     0     0   560     0
     3     2     6     2     3     5     7     1     1     0     0     0     1     2     0     0   617     0
     4     2     5     0     1     3     5     7     1     0     1     0     1     2     0     0   704     0
     5     1     3     1     6     8     2     4     1     1     1     0     0     3     0     1   631     0
     6     1     3     1     6     8     2     4     1     0     1     1     0     1     0     1   583     0
     7     2     6     2     3     5     7     1     1     1     0     1     0     3     0     1   842     0
     8     2     6     2     3     5     7     1     0     1     0     0     1     1     1     0   812     1
     9     1     2     2     4     6     8     2     0     1     0     0     0     3     0     0   808     0
    10     1     2     2     4     6     8     2     1     0     0     1     1     1     1     1   790     0
    11     2     8     1     7     1     3     5     1     1     0     0     0     3     0     1   648     0
    12     1     3     1     6     8     2     4     1     1     1     1     0     3     0     0   866     0
    13     2     7     0     5     7     1     3     1     1     1     1     0     3     0     0   575     0
    14     1     4     1     8     2     4     6     1     0     1     1     0     3     0     1   873     0
    15     1     1     2     2     4     6     8     1     0     0     1     0     2     0     0   638     0
    16     2     8     1     7     1     3     5     0     1     1     0     0     3     1     1  1031     0
    17     1     2     2     4     6     8     2     1     1     0     0     1     3     1     0   883     0
    18     1     2     2     4     6     8     2     0     0     0     0     0     1     1     1  1182     0
    19     2     8     1     7     1     3     5     0     0     1     1     1     3     0     0   936     0
    20     1     3     1     6     8     2     4     0     0     1     0     0     3     0     0   630     0
    21     2     8     1     7     1     3     5     0     0     0     0     1     3     0     0   584     0
    22     2     5     0     1     3     5     7     0     1     1     1     1     2     0     1   728     0
    23     2     8     1     7     1     3     5     0     1     1     0     0     2     0     0   739     0
    24     2     8     1     7     1     3     5     0     0     0     1     0     1     0     1   572     0
    25     1     3     1     6     8     2     4     1     0     1     0     0     3     1     0  1500     2
    26     2     8     1     7     1     3     5     1     0     0     1     1     3     0     0   865     0
    27     2     7     0     5     7     1     3     1     1     0     0     0     2     0     1   636     0
    28     2     7     0     5     7     1     3     1     1     1     1     0     1     0     0   625     0
    29     2     7     0     5     7     1     3     0     1     1     1     0     1     1     0   730     0
    30     2     7     0     5     7     1     3     0     0     0     1     1     1     0     1   764     0
    31     1     4     1     8     2     4     6     0     0     0     1     1     3     0     0   854     0
    32     1     2     2     4     6     8     2     1     1     1     1     1     2     1     1   933     0
    33     1     3     1     6     8     2     4     1     1     1     0     1     2     0     0   619     0
    34     1     3     1     6     8     2     4     0     1     0     1     1     1     1     0   717     0
    35     2     8     1     7     1     3     5     1     1     0     1     0     3     1     0  1379     0
    36     1     3     1     6     8     2     4     1     0     0     1     0     3     0     1   653     0
    37     2     5     0     1     3     5     7     0     1     0     1     1     3     1     1  1195     0
    38     2     5     0     1     3     5     7     0     0     1     0     0     1     0     1  1101     0
    39     1     2     2     4     6     8     2     0     0     1     1     0     3     0     0   759     0
    40     2     7     0     5     7     1     3     0     1     1     0     0     3     0     1   683     0
    41     1     3     1     6     8     2     4     1     1     0     0     1     3     1     0  1208     0
    42     1     3     1     6     8     2     4     0     0     1     0     1     1     1     1   618     0
    43     2     7     0     5     7     1     3     1     0     0     1     0     3     1     0   569     0
    44     2     8     1     7     1     3     5     0     0     0     1     0     2     1     0   525     0
    45     1     2     2     4     6     8     2     0     1     1     0     1     3     0     1   531     0
    46     1     2     2     4     6     8     2     1     1     0     0     1     1     1     0  1132     0
    47     1     2     2     4     6     8     2     1     1     1     1     0     1     0     0   601     0
    48     1     2     2     4     6     8     2     0     0     1     1     1     1     1     1   567     0
    49     1     2     2     4     6     8     2     0     1     0     1     1     1     0     1   654     0
    50     1     2     2     4     6     8     2     1     1     0     1     1     1     1     0   881     0
    51     2     8     1     7     1     3     5     0     1     0     0     1     3     1     0  1066     0
    52     2     6     2     3     5     7     1     1     0     1     1     0     2     1     1   798     0
    53     2     8     1     7     1     3     5     1     0     1     1     0     2     0     0   836     0
    54     2     8     1     7     1     3     5     1     1     1     1     1     1     0     1   615     0
    55     1     4     1     8     2     4     6     0     0     0     1     0     3     1     1   672     0
    56     1     1     2     2     4     6     8     1     0     0     1     0     2     1     0   676     0
    57     1     1     2     2     4     6     8     0     0     0     0     0     1     1     0   842     0
    58     1     1     2     2     4     6     8     0     1     1     0     0     1     0     1   787     0
    59     2     6     2     3     5     7     1     0     0     0     0     0     3     0     1   593     0
    60     2     6     2     3     5     7     1     1     0     1     0     1     1     1     0   520     0
    61     1     2     2     4     6     8     2     1     0     1     0     0     3     0     0   620     0
    62     1     2     2     4     6     8     2     0     0     0     1     1     1     1     0   655     0
    63     2     8     1     7     1     3     5     1     0     1     0     0     3     1     0   920     0
    64     2     5     0     1     3     5     7     1     1     1     1     0     2     0     1   754     0
    65     1     4     1     8     2     4     6     0     1     0     1     1     3     1     0  1294     1
    66     2     7     0     5     7     1     3     0     0     1     0     1     3     0     1  1284     0
    67     1     2     2     4     6     8     2     1     0     1     0     0     3     1     0   731     0
    68     1     2     2     4     6     8     2     1     0     0     0     1     1     0     0   538     0
    69     2     8     1     7     1     3     5     1     0     1     0     1     3     0     0   867     0
    70     2     8     1     7     1     3     5     1     1     1     1     0     1     0     1   628     0
    71     2     7     0     5     7     1     3     1     0     1     1     0     2     0     1   684     0
    72     2     7     0     5     7     1     3     1     0     1     1     1     1     0     0   516     0
    73     2     8     1     7     1     3     5     0     1     1     1     1     2     1     1  1376     0
    74     2     8     1     7     1     3     5     1     0     0     0     1     1     1     1   546     0
    75     2     7     0     5     7     1     3     0     0     0     0     1     2     1     0  1026     0
    76     2     7     0     5     7     1     3     0     0     0     0     0     1     0     0   606     0
    77     1     2     2     4     6     8     2     0     0     0     0     1     3     0     0   637     0
    78     2     7     0     5     7     1     3     0     0     0     1     1     3     0     0   581     0
    79     2     5     0     1     3     5     7     0     0     1     1     1     2     0     0   702     1
    80     2     5     0     1     3     5     7     1     1     1     0     0     1     1     1  1205     0
    81     2     5     0     1     3     5     7     0     0     0     1     1     1     1     1   545     0
    82     2     5     0     1     3     5     7     0     0     1     0     0     1     0     0   439     0
    83     2     7     0     5     7     1     3     1     1     1     1     0     2     1     1  1037     0
    84     2     8     1     7     1     3     5     1     1     1     1     0     2     0     0  1181     0
    85     1     2     2     4     6     8     2     0     1     1     0     1     3     1     0  1130     0
    86     1     4     1     8     2     4     6     1     0     0     0     0     2     1     1  1313     1
    87     1     4     1     8     2     4     6     0     1     0     0     0     1     1     1  1034     0
    88     1     4     1     8     2     4     6     1     0     0     1     1     1     1     1  1500     2
    89     1     3     1     6     8     2     4     1     1     1     0     0     2     0     1  1177     0
    90     2     6     2     3     5     7     1     0     0     1     1     0     3     1     1   565     0
    91     2     5     0     1     3     5     7     0     0     1     0     1     2     0     0   641     0
    92     2     5     0     1     3     5     7     1     0     1     1     0     1     1     0   852     0
    93     1     1     2     2     4     6     8     1     1     0     1     1     3     0     1  1079     0
    94     1     4     1     8     2     4     6     0     1     0     0     1     2     1     0  1089     1
    95     1     1     2     2     4     6     8     0     0     1     0     1     2     0     1   675     0
    96     1     1     2     2     4     6     8     1     0     1     1     0     1     1     0   696     0
    97     1     3     1     6     8     2     4     0     0     0     1     1     2     1     0  1137     0
    98     1     3     1     6     8     2     4     0     1     0     0     0     1     0     1   765     0
    99     2     5     0     1     3     5     7     1     1     0     1     1     3     1     0   668     1
   100     2     5     0     1     3     5     7     0     1     1     1     1     1     1     0  1086     0
   101     1     2     2     4     6     8     2     1     0     1     1     0     3     1     1  1102     0
   102     1     1     2     2     4     6     8     0     0     1     1     1     2     1     0   738     0
   103     1     3     1     6     8     2     4     0     1     0     0     0     2     0     1   672     0
   104     1     3     1     6     8     2     4     1     0     0     1     1     1     1     1   645     1
   105     2     8     1     7     1     3     5     1     1     1     0     0     3     0     1   864     0
   106     2     8     1     7     1     3     5     1     1     0     1     1     1     0     0   581     0
   107     1     2     2     4     6     8     2     1     0     0     1     1     3     0     1   691     0
   108     2     5     0     1     3     5     7     1     0     1     0     0     3     0     0  1457     0
   109     2     5     0     1     3     5     7     0     1     0     0     0     1     1     1   788     0
   110     2     7     0     5     7     1     3     0     1     0     0     0     2     0     0  1042     0
   111     2     6     2     3     5     7     1     1     1     0     1     1     2     1     0   792     0
   112     2     8     1     7     1     3     5     0     1     1     1     1     2     1     0   628     0
   113     2     6     2     3     5     7     1     0     0     0     1     1     2     0     1   728     0
   114     2     6     2     3     5     7     1     0     1     0     0     1     1     0     1   571     0
   115     2     6     2     3     5     7     1     1     1     1     1     1     1     1     0   547     1
   116     1     1     2     2     4     6     8     1     1     1     0     0     3     0     0   869     0
   117     2     5     0     1     3     5     7     1     1     0     0     1     3     0     0   741     0
   118     1     4     1     8     2     4     6     0     0     0     1     1     3     1     1   932     0
   119     1     3     1     6     8     2     4     0     1     0     1     1     2     0     1   782     0
   120     1     3     1     6     8     2     4     1     0     0     1     0     1     1     1  1053     0
   121     1     4     1     8     2     4     6     0     1     1     0     0     2     1     1   565     0
   122     1     4     1     8     2     4     6     0     0     1     1     1     1     0     1   571     0
   123     2     8     1     7     1     3     5     0     0     1     0     1     3     0     0   925     0
   124     2     6     2     3     5     7     1     0     0     0     0     1     2     0     0   589     0
   125     2     5     0     1     3     5     7     0     0     1     0     1     2     0     0   708     0
   126     2     6     2     3     5     7     1     1     1     0     1     0     2     1     1   947     0
   127     2     8     1     7     1     3     5     0     0     1     0     0     2     1     1   729     0
   128     2     8     1     7     1     3     5     1     1     1     1     0     1     1     1   571     0
   129     1     4     1     8     2     4     6     0     1     1     1     0     3     1     0   927     0
   130     1     4     1     8     2     4     6     1     0     0     0     0     1     1     1   799     0
   131     2     7     0     5     7     1     3     1     0     0     1     1     3     0     0   734     0
   132     2     7     0     5     7     1     3     0     0     0     1     0     1     1     0   728     0
   133     1     1     2     2     4     6     8     0     1     1     0     1     3     0     1   679     1
   134     1     1     2     2     4     6     8     1     1     1     0     0     1     1     0  1196     0
   135     1     3     1     6     8     2     4     1     0     1     0     0     2     0     1  1043     0
   136     1     3     1     6     8     2     4     1     0     1     1     0     1     0     0   658     0
   137     1     1     2     2     4     6     8     1     1     0     0     1     2     0     1   628     0
   138     1     1     2     2     4     6     8     1     1     1     0     1     1     0     0   526     0
   139     1     1     2     2     4     6     8     0     0     1     0     1     1     1     1   634     0
   140     1     1     2     2     4     6     8     0     1     0     0     0     1     0     1   619     0
   141     2     6     2     3     5     7     1     0     0     0     0     0     3     0     1   528     0
   142     2     6     2     3     5     7     1     0     1     0     1     1     1     0     1   544     0
   143     1     2     2     4     6     8     2     1     0     0     1     0     3     1     1   646     0
   144     1     4     1     8     2     4     6     0     0     1     0     0     2     1     0   866     0
   145     1     2     2     4     6     8     2     1     1     1     1     0     2     1     1   895     0
   146     1     2     2     4     6     8     2     1     1     0     1     1     1     0     0   565     0
   147     2     7     0     5     7     1     3     0     0     0     0     1     3     1     1   805     0
   148     2     5     0     1     3     5     7     1     0     0     0     0     2     1     0  1374     0
   149     1     1     2     2     4     6     8     1     1     0     1     0     3     0     1   571     0
   150     1     1     2     2     4     6     8     1     1     1     1     1     1     0     0   496     0
   151     2     6     2     3     5     7     1     0     0     0     0     0     3     1     1   674     0
   152     2     7     0     5     7     1     3     1     0     0     1     1     2     1     0   807     0
   153     2     5     0     1     3     5     7     0     0     1     1     0     2     1     0   937     0
   154     2     5     0     1     3     5     7     0     1     1     1     1     1     0     1   486     0
   155     2     7     0     5     7     1     3     0     1     1     1     1     2     0     0   903     1
   156     2     7     0     5     7     1     3     0     1     0     1     1     1     0     0   938     0
   157     1     3     1     6     8     2     4     1     1     0     1     1     3     1     0  1070     0
   158     2     6     2     3     5     7     1     1     0     0     1     0     3     0     1  1159     0
   159     1     2     2     4     6     8     2     1     0     0     1     1     3     0     0   676     0
   160     1     2     2     4     6     8     2     0     1     1     1     0     1     1     1   997     1
   161     2     7     0     5     7     1     3     0     1     0     0     1     3     0     0   578     0
   162     2     7     0     5     7     1     3     0     1     0     0     1     1     0     0   638     0
   163     1     3     1     6     8     2     4     1     0     1     0     1     3     1     1  1301     0
   164     1     4     1     8     2     4     6     1     0     1     1     0     2     0     0   832     0
   165     1     4     1     8     2     4     6     1     0     0     1     0     1     0     0   460     0
   166     1     4     1     8     2     4     6     0     1     0     1     1     1     1     1   705     0
   167     1     4     1     8     2     4     6     0     0     1     1     0     1     0     1   613     0
   168     1     4     1     8     2     4     6     0     1     1     1     0     1     0     1   470     0
   169     2     6     2     3     5     7     1     1     0     1     0     1     3     1     1   667     0
   170     1     1     2     2     4     6     8     1     0     1     1     0     3     0     0   605     0
   171     1     3     1     6     8     2     4     1     1     0     0     0     2     0     1   649     0
   172     1     3     1     6     8     2     4     0     0     1     0     1     1     1     1   546     0
   173     1     1     2     2     4     6     8     0     1     0     1     0     2     0     1   600     0
   174     1     1     2     2     4     6     8     0     1     1     1     1     1     0     0   519     0
   175     2     5     0     1     3     5     7     0     1     1     1     0     3     0     0   749     0
   176     2     5     0     1     3     5     7     0     1     0     0     1     1     0     0   470     0
   177     1     3     1     6     8     2     4     0     0     1     0     0     3     0     1  1021     1
   178     2     6     2     3     5     7     1     1     0     1     1     0     3     1     0   765     0
   179     1     3     1     6     8     2     4     0     1     0     0     0     3     1     1   516     0
   180     2     6     2     3     5     7     1     0     0     0     1     1     3     0     1   557     0
   181     1     4     1     8     2     4     6     1     1     0     0     0     3     1     1  1146     1
   182     1     4     1     8     2     4     6     1     1     1     1     0     1     0     0  1500     2
   183     2     6     2     3     5     7     1     0     1     1     0     0     3     1     0   839     0
   184     2     6     2     3     5     7     1     0     1     0     1     1     1     0     0   545     0
   185     1     2     2     4     6     8     2     1     1     1     0     1     3     1     0  1047     0
   186     1     2     2     4     6     8     2     0     1     0     1     1     1     1     0   528     0
   187     1     1     2     2     4     6     8     0     1     0     1     0     2     0     0   751     0
   188     2     6     2     3     5     7     1     0     1     1     1     1     3     0     0   530     0
   189     2     8     1     7     1     3     5     1     0     1     1     1     2     1     1   753     0
   190     2     8     1     7     1     3     5     1     0     1     1     1     1     0     0   595     0
   191     2     8     1     7     1     3     5     0     1     0     0     0     1     1     1   697     0
   192     2     8     1     7     1     3     5     1     0     0     0     1     1     1     1   930     0
   193     2     7     0     5     7     1     3     0     0     1     1     1     2     1     0  1029     0
   194     2     7     0     5     7     1     3     1     0     0     1     0     1     1     0   743     0
   195     1     3     1     6     8     2     4     1     0     0     0     0     3     0     0   632     0
   196     1     3     1     6     8     2     4     0     0     0     1     1     1     1     0   565     0
   197     1     4     1     8     2     4     6     0     1     0     0     0     2     0     1   561     1
   198     2     5     0     1     3     5     7     1     1     1     1     0     3     1     0  1299     0
   199     2     8     1     7     1     3     5     1     1     1     0     0     2     0     0   626     0
   200     2     8     1     7     1     3     5     1     0     0     1     0     1     0     1   594     0
   201     2     8     1     7     1     3     5     1     0     0     0     0     1     0     0   543     0
   202     2     8     1     7     1     3     5     0     0     1     1     0     1     1     0   740     0
   203     1     2     2     4     6     8     2     0     0     1     0     0     3     0     0   990     0
   204     1     2     2     4     6     8     2     1     1     0     1     0     1     1     1   679     0
   205     1     1     2     2     4     6     8     1     1     0     1     1     2     0     0   769     0
   206     1     1     2     2     4     6     8     0     1     0     0     1     1     1     0   650     0
   207     2     6     2     3     5     7     1     1     0     0     0     1     3     1     1   590     0
   208     2     6     2     3     5     7     1     0     0     1     1     0     1     1     0   568     0
   209     2     7     0     5     7     1     3     1     1     1     1     0     2     1     1  1152     0
   210     1     2     2     4     6     8     2     1     1     1     0     0     3     0     0   492     0
   211     2     5     0     1     3     5     7     1     0     0     0     1     3     0     1   960     0
   212     1     4     1     8     2     4     6     1     0     0     0     0     3     0     0   760     0
   213     2     5     0     1     3     5     7     1     0     1     0     0     3     0     0   650     0
   214     2     6     2     3     5     7     1     0     0     1     0     0     2     1     0  1125     0
   215     2     5     0     1     3     5     7     0     1     0     1     1     2     0     1   761     0
   216     2     6     2     3     5     7     1     1     1     1     1     1     2     1     0  1044     0
   217     1     4     1     8     2     4     6     0     0     0     1     1     3     1     1   541     0
   218     2     5     0     1     3     5     7     1     0     1     0     0     3     1     0   670     0
   219     2     5     0     1     3     5     7     0     0     1     0     0     1     1     0   526     0
   220     2     5     0     1     3     5     7     1     0     1     0     0     1     1     0   527     0
   221     1     2     2     4     6     8     2     1     0     0     0     0     3     0     0   792     0
   222     1     3     1     6     8     2     4     1     1     0     0     0     2     0     1   688     0
   223     2     8     1     7     1     3     5     1     0     1     0     1     3     0     1   635     0
   224     2     8     1     7     1     3     5     0     0     1     0     0     1     1     0   544     0
   225     2     6     2     3     5     7     1     1     0     1     0     0     2     1     0  1104     0
   226     1     3     1     6     8     2     4     0     0     0     0     0     3     1     0   902     0
   227     1     1     2     2     4     6     8     1     0     1     0     0     2     1     0   552     0
   228     1     1     2     2     4     6     8     0     1     0     0     0     1     1     1   673     0
   229     1     3     1     6     8     2     4     1     1     0     1     0     2     1     0   539     0
   230     1     3     1     6     8     2     4     1     0     1     1     1     1     0     1   622     0
   231     1     4     1     8     2     4     6     1     0     1     1     0     2     0     0   761     0
   232     1     3     1     6     8     2     4     0     0     0     0     1     2     1     0   858     0
   233     1     4     1     8     2     4     6     0     1     1     0     0     2     0     1   929     0
   234     1     4     1     8     2     4     6     0     1     0     1     0     1     0     0   519     0
   235     2     5     0     1     3     5     7     1     1     0     1     1     3     1     0  1493     0
   236     2     5     0     1     3     5     7     0     1     0     0     0     1     1     0   721     0
   237     2     7     0     5     7     1     3     1     1     0     1     1     2     1     0   815     0
   238     2     7     0     5     7     1     3     1     1     1     1     1     1     0     0   617     0
   239     2     5     0     1     3     5     7     0     0     0     1     1     2     1     1   655     0
   240     2     6     2     3     5     7     1     1     1     0     0     0     2     1     1   704     0
   241     2     8     1     7     1     3     5     1     0     1     0     1     2     0     1   651     0
   242     2     8     1     7     1     3     5     0     1     1     0     1     1     1     1   587     0
   243     2     7     0     5     7     1     3     1     0     1     0     1     2     1     1   676     0
   244     2     7     0     5     7     1     3     0     1     0     1     1     1     1     1   896     0
   245     1     1     2     2     4     6     8     1     0     1     1     0     3     1     1   678     0
   246     1     4     1     8     2     4     6     0     0     0     0     1     2     1     0   670     0
   247     1     2     2     4     6     8     2     0     0     1     1     1     2     0     0   691     0
   248     1     2     2     4     6     8     2     1     1     0     1     1     1     1     1   737     0
   249     1     2     2     4     6     8     2     1     1     0     0     1     1     0     0   636     0
   250     1     2     2     4     6     8     2     1     0     1     0     0     1     0     1   682     0
   251     2     5     0     1     3     5     7     1     0     1     1     1     3     0     0   690     0
   252     2     5     0     1     3     5     7     1     0     1     0     0     1     0     0   517     0
   253     2     5     0     1     3     5     7     0     0     1     0     1     1     1     0   721     0
   254     1     2     2     4     6     8     2     1     1     0     0     1     3     1     1   837     0
   255     1     1     2     2     4     6     8     0     0     0     0     1     2     1     1   616     0
   256     1     4     1     8     2     4     6     0     0     0     1     1     2     0     0  1472     0
   257     2     6     2     3     5     7     1     0     0     0     1     1     3     0     0   632     0
   258     2     7     0     5     7     1     3     1     1     0     0     1     2     1     1   595     0
   259     1     2     2     4     6     8     2     1     1     0     1     0     3     0     0  1331     0
   260     1     2     2     4     6     8     2     1     0     1     0     0     1     0     1   701     0
   261     1     2     2     4     6     8     2     1     0     1     0     1     1     0     0   561     0
   262     1     2     2     4     6     8     2     1     1     0     0     0     1     0     1   573     0
   263     2     5     0     1     3     5     7     0     0     0     0     1     3     1     1   707     0
   264     2     5     0     1     3     5     7     0     0     0     0     0     1     0     0   964     0
   265     1     3     1     6     8     2     4     0     0     0     1     0     3     0     0   752     0
   266     1     3     1     6     8     2     4     1     0     1     0     0     1     1     0   613     1
   267     1     3     1     6     8     2     4     1     0     0     1     1     1     0     0   608     0
   268     1     2     2     4     6     8     2     0     1     1     1     0     2     1     1  1284     0
   269     2     8     1     7     1     3     5     1     1     0     0     0     3     1     0  1447     0
   270     2     5     0     1     3     5     7     0     0     1     1     1     2     1     1   882     0
   271     2     7     0     5     7     1     3     1     0     0     1     1     2     1     0   730     0
   272     2     7     0     5     7     1     3     1     1     1     0     0     1     0     1   697     0
   273     1     1     2     2     4     6     8     1     0     1     0     0     3     0     1   544     0
   274     1     3     1     6     8     2     4     0     0     0     0     0     2     1     0  1350     0
   275     2     7     0     5     7     1     3     0     0     1     0     0     3     0     0   616     0
   276     2     7     0     5     7     1     3     0     0     0     0     1     1     0     0   528     0
   277     2     6     2     3     5     7     1     0     1     1     1     1     2     0     1   517     0
   278     2     6     2     3     5     7     1     1     1     1     0     1     1     1     0   708     1
   279     1     1     2     2     4     6     8     1     1     1     0     1     3     0     0  1197     0
   280     1     3     1     6     8     2     4     0     1     1     1     0     2     1     0  1095     0
   281     2     8     1     7     1     3     5     1     1     1     0     0     3     1     0  1190     0
   282     2     8     1     7     1     3     5     0     1     0     0     1     1     1     0   538     0
   283     2     8     1     7     1     3     5     1     1     1     0     0     1     1     0   624     0
   284     2     8     1     7     1     3     5     1     1     0     1     1     1     0     0   429     0
   285     2     7     0     5     7     1     3     0     0     0     0     1     2     1     1  1282     0
   286     1     2     2     4     6     8     2     0     0     1     0     1     3     0     0   658     0
   287     1     3     1     6     8     2     4     1     1     1     1     0     2     1     1   520     0
   288     1     4     1     8     2     4     6     0     0     1     1     1     2     1     1   804     0
   289     1     4     1     8     2     4     6     1     0     0     1     1     1     1     0   714     0
   290     2     5     0     1     3     5     7     1     1     0     0     1     3     0     1   842     0
   291     1     2     2     4     6     8     2     0     0     0     1     0     3     1     1   667     0
   292     1     2     2     4     6     8     2     0     1     1     1     1     1     0     1   536     0
   293     1     1     2     2     4     6     8     1     0     1     0     0     2     1     1   945     0
   294     1     1     2     2     4     6     8     0     0     0     1     0     1     1     0   711     0
   295     2     6     2     3     5     7     1     1     1     1     0     1     3     1     1   828     0
   296     1     3     1     6     8     2     4     1     1     0     0     0     3     0     0   813     0
   297     2     6     2     3     5     7     1     0     1     1     0     0     3     1     0   772     0
   298     2     8     1     7     1     3     5     0     0     0     1     0     2     0     1   720     0
   299     1     2     2     4     6     8     2     1     0     1     0     0     3     1     0   778     0
   300     1     4     1     8     2     4     6     1     0     0     1     0     2     0     0   826     0
   301     2     6     2     3     5     7     1     0     1     0     0     1     3     1     1   908     0
   302     2     7     0     5     7     1     3     1     1     1     1     0     2     1     0  1009     0
   303     1     3     1     6     8     2     4     0     1     1     0     1     3     1     0   549     0
   304     1     3     1     6     8     2     4     1     1     0     1     1     1     1     0   686     0
   305     2     6     2     3     5     7     1     0     1     1     0     0     3     1     0   710     0
   306     2     6     2     3     5     7     1     1     0     0     0     0     1     1     1   944     0
   307     2     7     0     5     7     1     3     1     0     1     1     1     2     0     0   666     0
   308     2     7     0     5     7     1     3     1     0     1     1     1     1     0     0   491     0
   309     1     3     1     6     8     2     4     0     0     1     1     1     3     1     0   482     1
   310     1     3     1     6     8     2     4     0     1     0     1     0     1     0     1   664     0
   311     1     4     1     8     2     4     6     1     1     0     1     1     2     1     0  1134     0
   312     1     4     1     8     2     4     6     0     1     0     0     1     1     1     0   746     0
   313     2     6     2     3     5     7     1     1     1     1     1     1     3     1     0   958     0
   314     2     6     2     3     5     7     1     1     1     0     0     1     1     0     0   823     0
   315     1     3     1     6     8     2     4     0     1     0     1     0     3     1     0   844     0
   316     1     4     1     8     2     4     6     0     0     0     1     0     2     0     1   609     0
   317     2     8     1     7     1     3     5     0     0     1     0     1     3     0     0   554     0
   318     2     7     0     5     7     1     3     0     0     1     0     0     2     0     0   561     0
   319     2     5     0     1     3     5     7     0     1     1     0     0     2     0     1   856     0
   320     2     5     0     1     3     5     7     0     1     1     0     1     1     0     0   587     0
   321     2     8     1     7     1     3     5     1     0     1     1     1     2     1     1   959     0
   322     1     3     1     6     8     2     4     1     0     0     1     1     3     0     0   547     0
   323     1     1     2     2     4     6     8     0     1     0     0     0     2     1     1   781     0
   324     1     1     2     2     4     6     8     0     1     1     1     1     1     0     0  1500     2
   325     2     6     2     3     5     7     1     1     0     1     0     1     3     1     1   686     0
   326     2     6     2     3     5     7     1     0     0     1     1     0     1     1     0   514     0
   327     2     5     0     1     3     5     7     1     1     1     0     0     2     1     1   793     0
   328     2     6     2     3     5     7     1     1     1     0     1     1     2     0     0   568     0
   329     2     8     1     7     1     3     5     0     0     0     1     1     2     1     1   674     0
   330     2     5     0     1     3     5     7     1     1     0     0     1     2     1     1   816     0
   331     2     8     1     7     1     3     5     1     0     0     0     1     2     0     1   788     0
   332     2     8     1     7     1     3     5     0     1     1     1     0     1     1     1   532     0
   333     2     6     2     3     5     7     1     1     1     0     0     0     2     1     0   888     1
   334     2     7     0     5     7     1     3     0     0     1     0     0     2     1     1  1500     2
   335     1     1     2     2     4     6     8     1     1     1     0     1     3     1     1  1163     0
   336     1     1     2     2     4     6     8     0     1     0     1     1     1     1     0   800     0
   337     2     8     1     7     1     3     5     1     0     1     0     1     3     1     1  1224     0
   338     2     8     1     7     1     3     5     0     1     0     1     1     1     1     1   611     0
   339     1     3     1     6     8     2     4     0     0     1     0     0     3     0     1   704     0
   340     1     3     1     6     8     2     4     0     1     1     0     1     1     0     1   514     0
   341     2     8     1     7     1     3     5     0     1     1     1     0     3     0     0   430     0
   342     2     5     0     1     3     5     7     1     0     0     0     0     2     1     1  1114     0
   343     1     3     1     6     8     2     4     1     0     1     1     1     3     0     0   608     1
   344     1     3     1     6     8     2     4     0     1     1     0     0     1     1     1   605     0
   345     1     2     2     4     6     8     2     1     1     1     1     1     2     1     0   686     0
   346     1     2     2     4     6     8     2     0     1     0     1     1     1     1     0  1302     0
   347     2     6     2     3     5     7     1     1     0     1     1     1     3     1     1   670     0
   348     2     6     2     3     5     7     1     0     1     1     0     0     1     1     1   684     0
   349     1     1     2     2     4     6     8     0     0     0     1     0     3     0     1   622     0
   350     1     1     2     2     4     6     8     1     1     0     1     0     1     1     1   965     0
   351     2     8     1     7     1     3     5     1     1     1     0     1     3     0     0   663     0
   352     2     5     0     1     3     5     7     1     0     0     0     0     2     0     1   559     0
   353     1     4     1     8     2     4     6     0     1     0     1     0     3     1     1   784     0
   354     2     7     0     5     7     1     3     1     0     0     0     1     3     1     1   762     0
   355     1     2     2     4     6     8     2     1     1     1     0     0     3     0     1   899     0
   356     1     2     2     4     6     8     2     1     1     0     0     0     1     0     0   722     0
   357     1     2     2     4     6     8     2     1     0     1     1     1     1     0     1   681     1
   358     1     2     2     4     6     8     2     0     0     1     0     0     1     1     0   898     0
   359     1     1     2     2     4     6     8     0     1     1     0     0     2     0     1   739     0
   360     2     6     2     3     5     7     1     0     1     0     1     1     3     0     0   583     1
   361     1     4     1     8     2     4     6     1     0     1     1     0     3     1     1   851     0
   362     2     7     0     5     7     1     3     0     0     0     0     1     3     1     0  1341     0
   363     2     6     2     3     5     7     1     0     1     0     1     0     2     0     1   648     0
   364     2     6     2     3     5     7     1     0     1     0     0     1     1     0     0   474     0
   365     2     6     2     3     5     7     1     1     1     1     1     0     1     1     0   697     0
   366     2     6     2     3     5     7     1     0     0     1     1     1     1     1     1   557     0
   367     1     3     1     6     8     2     4     1     0     0     0     1     3     1     0  1054     0
   368     1     4     1     8     2     4     6     0     1     1     1     0     2     1     1   544     0
   369     1     1     2     2     4     6     8     1     1     0     0     0     2     1     0   869     0
   370     2     8     1     7     1     3     5     1     1     1     1     1     3     0     0   601     0
   371     2     8     1     7     1     3     5     0     1     1     1     1     1     1     0   518     0
   372     2     8     1     7     1     3     5     0     1     0     1     1     1     0     0   378     0
   373     1     1     2     2     4     6     8     1     0     1     1     0     3     1     1   646     0
   374     1     1     2     2     4     6     8     0     1     1     0     0     1     1     1  1252     0
   375     2     7     0     5     7     1     3     0     0     0     0     1     3     0     1   888     0
   376     2     7     0     5     7     1     3     1     1     0     0     0     1     1     1   800     0
   377     1     4     1     8     2     4     6     0     1     1     0     0     3     1     0  1132     0
   378     1     4     1     8     2     4     6     1     1     1     0     1     1     1     0   780     0
   379     1     3     1     6     8     2     4     0     0     1     1     0     2     1     1  1182     0
   380     1     3     1     6     8     2     4     0     1     1     0     0     1     0     1   857     0
   381     1     3     1     6     8     2     4     1     1     0     0     1     1     1     0  1500     2
   382     1     4     1     8     2     4     6     1     0     0     1     0     2     0     1   844     0
   383     2     5     0     1     3     5     7     1     0     0     1     1     3     0     0   831     0
   384     2     5     0     1     3     5     7     0     0     0     1     0     1     1     0   945     0
   385     2     7     0     5     7     1     3     1     1     1     0     1     2     1     1   790     0
   386     2     7     0     5     7     1     3     1     1     0     0     1     1     0     0   500     0
   387     2     6     2     3     5     7     1     1     1     0     1     0     2     0     0   492     1
   388     2     6     2     3     5     7     1     0     0     1     0     1     1     1     1   700     0
   389     2     7     0     5     7     1     3     0     1     1     1     1     2     0     1   569     0
   390     1     2     2     4     6     8     2     0     0     0     1     0     3     0     1   668     0
   391     2     6     2     3     5     7     1     0     0     1     0     1     3     0     0   592     0
   392     2     6     2     3     5     7     1     1     0     1     1     1     1     1     0   694     0
   393     2     6     2     3     5     7     1     0     1     1     1     0     1     1     1   726     0
   394     2     5     0     1     3     5     7     1     1     0     1     0     2     1     0   701     1
   395     1     3     1     6     8     2     4     0     1     0     0     1     3     1     0  1202     0
   396     1     1     2     2     4     6     8     1     1     0     1     0     2     1     0   982     0
   397     2     6     2     3     5     7     1     1     0     1     1     0     3     0     1   623     0
   398     2     5     0     1     3     5     7     1     1     0     1     0     2     0     1  1500     2
   399     1     2     2     4     6     8     2     0     1     1     0     1     3     1     0   846     0
   400     1     2     2     4     6     8     2     0     0     1     0     1     1     0     1   893     0
   401     2     7     0     5     7     1     3     1     0     0     1     0     3     1     0   693     0
   402     2     8     1     7     1     3     5     0     1     1     0     0     2     1     1   713     0
   403     2     5     0     1     3     5     7     0     0     0     0     1     2     0     1   864     0
   404     2     6     2     3     5     7     1     1     1     1     0     0     2     1     1   872     0
   405     1     4     1     8     2     4     6     0     0     1     1     1     3     1     1   648     0
   406     1     3     1     6     8     2     4     0     0     0     0     1     2     0     0   675     0
   407     1     4     1     8     2     4     6     0     0     0     0     1     2     0     0   516     0
   408     1     4     1     8     2     4     6     0     0     0     1     1     1     0     0   428     0
   409     1     2     2     4     6     8     2     0     1     0     1     1     2     0     1   713     0
   410     1     3     1     6     8     2     4     1     1     1     1     1     2     1     0   513     0
   411     2     7     0     5     7     1     3     1     1     0     1     1     3     0     0   616     1
   412     2     5     0     1     3     5     7     1     1     1     1     0     2     0     0   617     0
   413     1     4     1     8     2     4     6     1     0     1     1     0     3     0     1   586     1
   414     1     1     2     2     4     6     8     1     1     1     1     0     2     0     1  1500     2
   415     1     4     1     8     2     4     6     0     1     1     1     0     2     1     0   975     0
   416     1     4     1     8     2     4     6     1     0     0     0     1     1     1     1   646     0
   417     1     4     1     8     2     4     6     0     0     1     1     1     1     1     0   553     0
   418     1     4     1     8     2     4     6     1     1     0     0     0     1     1     1   571     0
   419     2     6     2     3     5     7     1     0     1     1     1     0     3     1     0  1500     2
   420     2     6     2     3     5     7     1     0     1     1     1     0     1     0     0   488     0
   421     1     1     2     2     4     6     8     0     1     1     0     0     3     0     0   537     0
   422     1     2     2     4     6     8     2     0     1     0     0     1     2     0     0   848     1
   423     2     6     2     3     5     7     1     1     1     0     0     1     3     1     0   621     0
   424     2     7     0     5     7     1     3     0     1     1     0     0     2     1     0   868     0
   425     2     8     1     7     1     3     5     0     0     0     1     0     2     0     1   569     0
   426     2     6     2     3     5     7     1     1     0     1     1     1     2     1     0   757     1
   427     1     2     2     4     6     8     2     1     1     1     1     0     3     0     1   676     0
   428     1     2     2     4     6     8     2     0     1     1     0     1     1     1     0   959     0
   429     2     8     1     7     1     3     5     0     1     1     0     1     3     0     0   565     0
   430     2     8     1     7     1     3     5     1     1     1     0     0     1     1     0   668     0
   431     2     5     0     1     3     5     7     1     1     0     0     1     2     0     0   739     0
   432     1     4     1     8     2     4     6     0     0     1     0     1     3     1     1   710     0
   433     2     7     0     5     7     1     3     0     0     0     0     0     3     0     0   486     0
   434     2     7     0     5     7     1     3     1     0     1     1     1     1     1     0   723     0
   435     2     8     1     7     1     3     5     0     0     1     1     0     2     1     0   647     0
   436     2     5     0     1     3     5     7     0     1     0     0     1     2     0     1   464     0
   437     2     8     1     7     1     3     5     0     1     1     0     0     2     0     0   515     0
   438     2     8     1     7     1     3     5     1     0     0     1     1     1     1     1   755     0
   439     2     5     0     1     3     5     7     1     1     0     1     1     2     0     1   906     0
   440     2     5     0     1     3     5     7     1     1     0     0     0     1     0     0   512     0
   441     2     6     2     3     5     7     1     0     1     0     1     0     2     1     0  1272     1
   442     2     8     1     7     1     3     5     1     1     1     1     0     2     1     0   594     0
   443     1     1     2     2     4     6     8     0     0     1     1     0     3     1     1   646     0
   444     1     1     2     2     4     6     8     1     0     1     1     1     1     1     0   946     0
   445     2     8     1     7     1     3     5     1     1     1     1     0     3     0     1   547     0
   446     2     8     1     7     1     3     5     0     0     1     0     0     1     1     1   648     0
   447     1     3     1     6     8     2     4     1     0     1     1     0     3     1     0  1005     0
   448     1     3     1     6     8     2     4     1     1     0     1     0     1     0     1   792     0
   449     2     5     0     1     3     5     7     0     1     1     0     1     3     1     0   719     0
   450     2     8     1     7     1     3     5     0     1     0     0     0     2     0     0   592     0
   451     1     4     1     8     2     4     6     0     0     0     0     0     3     0     1   534     0
   452     1     4     1     8     2     4     6     1     1     1     0     1     1     1     1   572     0
   453     2     5     0     1     3     5     7     0     0     0     1     0     3     1     1  1077     0
   454     1     2     2     4     6     8     2     1     1     1     1     1     3     1     1   867     0
   455     1     2     2     4     6     8     2     1     1     0     0     0     1     0     0   735     0
   456     2     7     0     5     7     1     3     1     1     0     1     0     3     0     0   716     0
   457     1     3     1     6     8     2     4     0     1     0     0     1     3     1     0   617     0
   458     1     3     1     6     8     2     4     1     1     1     1     0     1     1     0   621     0
   459     2     5     0     1     3     5     7     1     0     1     0     1     3     0     1   666     0
   460     2     5     0     1     3     5     7     1     0     1     0     1     1     0     0   690     0
   461     2     5     0     1     3     5     7     0     0     0     1     0     1     1     0   615     0
   462     2     8     1     7     1     3     5     0     0     1     1     1     2     0     0   624     0
   463     2     7     0     5     7     1     3     1     0     0     1     1     2     1     0   717     0
   464     2     7     0     5     7     1     3     1     0     0     0     0     1     0     0   549     0
   465     2     6     2     3     5     7     1     1     1     0     0     0     2     0     1   646     0
   466     2     7     0     5     7     1     3     1     0     0     1     0     2     0     1   568     0
   467     1     4     1     8     2     4     6     0     1     1     0     1     3     1     1   661     0
   468     1     1     2     2     4     6     8     0     0     1     0     1     2     0     1   758     0
   469     2     8     1     7     1     3     5     0     1     0     0     0     3     0     1   852     0
   470     1     1     2     2     4     6     8     0     0     1     1     0     3     0     1   482     0
   471     1     1     2     2     4     6     8     0     0     1     0     1     1     0     0   691     0
   472     1     2     2     4     6     8     2     1     1     0     0     0     2     1     1   814     0
   473     2     6     2     3     5     7     1     0     0     0     0     0     3     1     1   558     0
   474     2     6     2     3     5     7     1     1     1     0     0     1     1     1     1   634     0
   475     1     3     1     6     8     2     4     1     0     1     1     1     3     0     1  1315     0
   476     1     3     1     6     8     2     4     0     1     1     1     1     1     1     1   495     0
   477     2     7     0     5     7     1     3     0     0     0     1     1     3     0     1   603     0
   478     2     7     0     5     7     1     3     0     1     0     1     1     1     0     1   624     0
   479     2     8     1     7     1     3     5     1     1     1     1     1     2     1     0   649     0
   480     2     8     1     7     1     3     5     0     0     0     0     0     1     1     1   523     0
   481     2     6     2     3     5     7     1     0     1     1     0     0     2     0     1   598     0
   482     2     6     2     3     5     7     1     0     1     0     1     1     1     0     0   492     0
   483     2     6     2     3     5     7     1     1     1     1     0     1     1     1     0   697     0
   484     2     6     2     3     5     7     1     0     1     0     1     1     1     1     0   516     0
   485     1     2     2     4     6     8     2     0     1     0     1     1     3     0     0   592     0
   486     2     5     0     1     3     5     7     1     0     1     1     0     3     1     1   811     0
   487     1     4     1     8     2     4     6     1     0     0     1     1     3     0     0  1262     0
   488     1     3     1     6     8     2     4     1     1     0     1     0     2     0     1   458     0
   489     2     8     1     7     1     3     5     1     0     0     1     0     3     0     1   724     0
   490     2     7     0     5     7     1     3     1     0     1     0     1     2     0     0   663     1
   491     1     2     2     4     6     8     2     0     0     1     1     0     3     1     0   894     0
   492     1     2     2     4     6     8     2     1     0     1     1     1     1     1     0   754     0
   493     2     5     0     1     3     5     7     0     1     0     1     0     3     1     1   677     0
   494     1     4     1     8     2     4     6     1     0     0     1     0     3     1     1  1214     1
   495     2     5     0     1     3     5     7     0     1     0     1     0     3     1     1  1500     2
   496     2     5     0     1     3     5     7     0     1     0     0     1     1     0     0   505     0
   497     1     3     1     6     8     2     4     0     1     1     0     0     3     0     0   623     0
   498     1     3     1     6     8     2     4     1     0     0     0     1     1     1     1   667     0
   499     2     5     0     1     3     5     7     1     1     1     0     0     3     0     1   662     0
   500     2     7     0     5     7     1     3     1     1     1     0     1     2     0     0   543     1
   501     2     8     1     7     1     3     5     1     1     0     0     0     2     0     0   452     0
   502     2     6     2     3     5     7     1     0     1     0     1     1     2     1     0   482     1
   503     1     4     1     8     2     4     6     1     0     0     0     0     3     1     1   629     0
   504     1     4     1     8     2     4     6     0     0     0     1     1     1     1     0   570     0
   505     2     8     1     7     1     3     5     1     1     0     1     1     3     1     1   521     0
   506     1     1     2     2     4     6     8     1     1     0     1     0     3     0     0   795     0
   507     1     1     2     2     4     6     8     1     0     1     1     0     1     0     1   573     0
   508     2     8     1     7     1     3     5     1     1     0     1     0     3     0     1   468     0
   509     1     3     1     6     8     2     4     1     1     0     0     1     3     0     0   651     0
   510     1     3     1     6     8     2     4     1     0     0     1     1     1     0     1   582     1
   511     2     8     1     7     1     3     5     0     0     1     1     0     3     1     0   645     0
   512     2     8     1     7     1     3     5     1     0     1     1     1     1     1     0   462     0
   513     1     2     2     4     6     8     2     0     0     0     0     0     3     1     0   719     0
   514     1     3     1     6     8     2     4     1     1     0     0     0     2     1     1   661     0
   515     1     2     2     4     6     8     2     1     0     1     1     1     2     0     1   558     0
   516     1     3     1     6     8     2     4     0     1     1     1     0     2     1     1   484     0
   517     1     2     2     4     6     8     2     0     0     0     1     1     2     0     1   460     0
   518     1     3     1     6     8     2     4     0     0     1     1     1     2     0     0   401     1
   519     2     7     0     5     7     1     3     0     0     0     0     0     3     0     0   651     0
   520     2     8     1     7     1     3     5     1     0     1     0     1     2     1     0   620     1
   521     2     8     1     7     1     3     5     0     0     0     0     0     1     1     0   974     0
   522     2     7     0     5     7     1     3     1     1     0     1     1     2     1     1  1211     0
   523     1     1     2     2     4     6     8     1     0     1     1     1     3     0     1   713     0
   524     1     1     2     2     4     6     8     1     0     1     1     1     1     0     0   525     0
   525     1     3     1     6     8     2     4     0     1     1     1     0     2     1     1   941     0
   526     2     8     1     7     1     3     5     1     1     0     1     0     3     1     0   744     0
   527     2     8     1     7     1     3     5     0     1     1     1     0     1     1     0   627     0
   528     2     8     1     7     1     3     5     1     0     1     0     1     1     1     1   482     0
   529     2     5     0     1     3     5     7     0     1     1     0     0     2     1     1  1196     0
   530     2     5     0     1     3     5     7     1     0     1     0     1     1     1     1   548     0
   531     1     4     1     8     2     4     6     0     0     1     0     0     3     1     0   653     0
   532     1     1     2     2     4     6     8     1     1     0     1     1     2     1     1   750     0
   533     2     8     1     7     1     3     5     1     1     0     1     0     3     0     0   592     0
   534     2     8     1     7     1     3     5     0     0     1     1     0     1     1     1   515     0
   535     1     3     1     6     8     2     4     1     1     1     1     0     3     1     1   641     0
   536     1     3     1     6     8     2     4     1     1     1     0     0     1     0     0   522     0
   537     1     3     1     6     8     2     4     0     0     0     1     0     1     1     1   727     0
   538     1     4     1     8     2     4     6     1     1     0     0     1     2     1     1   561     0
   539     1     1     2     2     4     6     8     1     0     0     0     1     2     0     1   547     0
   540     2     8     1     7     1     3     5     1     1     1     0     0     3     0     1   453     0
   541     2     5     0     1     3     5     7     1     1     1     0     1     2     0     0   554     1
   542     2     5     0     1     3     5     7     1     0     0     0     0     1     0     1   315     1
   543     2     5     0     1     3     5     7     0     1     0     0     1     1     1     1   670     0
   544     2     5     0     1     3     5     7     1     1     0     0     0     1     1     0   827     0
   545     2     7     0     5     7     1     3     0     0     1     0     0     2     1     1  1337     0
   546     2     5     0     1     3     5     7     0     1     1     0     1     2     0     1  1369     0
   547     2     7     0     5     7     1     3     0     1     0     1     0     2     0     0   689     0
   548     2     7     0     5     7     1     3     1     0     1     1     1     1     1     1   731     0
   549     1     2     2     4     6     8     2     0     1     1     1     0     3     1     1   868     0
   550     2     5     0     1     3     5     7     0     1     0     1     0     3     0     0   585     0
   551     1     2     2     4     6     8     2     0     0     1     1     0     3     0     1   529     0
   552     1     2     2     4     6     8     2     1     1     0     1     1     1     1     1   839     0
   553     1     4     1     8     2     4     6     1     1     0     0     1     2     0     0   521     0
   554     1     4     1     8     2     4     6     1     1     0     1     1     1     0     0   603     0
   555     2     6     2     3     5     7     1     0     0     0     0     0     3     1     1   638     0
   556     2     6     2     3     5     7     1     1     0     1     0     0     1     1     0   453     0
   557     1     1     2     2     4     6     8     1     0     0     0     0     3     0     0   551     0
   558     1     1     2     2     4     6     8     0     1     1     0     0     1     1     1   583     1
   559     1     3     1     6     8     2     4     1     0     0     1     0     2     1     1  1272     0
   560     1     3     1     6     8     2     4     1     0     1     0     1     1     0     0   690     0
   561     2     7     0     5     7     1     3     0     1     0     0     0     3     1     1   864     0
   562     2     8     1     7     1     3     5     1     0     0     0     1     2     1     1   834     0
   563     2     5     0     1     3     5     7     1     0     1     0     1     2     0     0   893     0
   564     1     2     2     4     6     8     2     1     1     1     1     1     3     0     1   835     0
   565     2     5     0     1     3     5     7     1     0     1     0     1     3     0     1   515     0
   566     2     5     0     1     3     5     7     0     1     1     0     1     1     1     1   542     0
   567     2     5     0     1     3     5     7     0     1     1     1     1     1     0     0   618     0
   568     2     5     0     1     3     5     7     1     1     1     0     1     1     1     0   524     0
   569     1     1     2     2     4     6     8     0     1     1     0     0     3     1     0   705     0
   570     1     1     2     2     4     6     8     1     0     1     0     0     1     1     1  1038     0
   571     1     1     2     2     4     6     8     1     1     1     1     0     1     0     1   716     0
   572     1     1     2     2     4     6     8     1     1     0     1     0     1     0     0   560     0
   573     1     1     2     2     4     6     8     0     0     1     1     0     1     1     1   630     0
   574     1     1     2     2     4     6     8     1     0     1     1     1     1     1     0   651     0
   575     2     5     0     1     3     5     7     1     0     1     0     1     3     0     0  1260     0
   576     2     5     0     1     3     5     7     0     0     1     1     0     1     1     0   650     0
   577     2     6     2     3     5     7     1     1     1     1     1     1     2     1     1   734     0
   578     2     6     2     3     5     7     1     0     1     0     0     0     1     1     0   790     0
   579     2     7     0     5     7     1     3     1     1     0     1     0     2     1     0   720     0
   580     2     7     0     5     7     1     3     1     1     0     1     1     1     0     0   637     0
   581     2     7     0     5     7     1     3     0     1     1     1     1     1     1     0   606     0
   582     2     7     0     5     7     1     3     0     0     1     1     1     1     0     1   552     0
   583     1     2     2     4     6     8     2     0     1     0     0     0     3     0     1   830     0
   584     1     3     1     6     8     2     4     0     1     0     0     0     2     0     0   626     0
   585     1     3     1     6     8     2     4     1     1     0     0     0     1     1     0   605     0
   586     1     2     2     4     6     8     2     0     0     1     0     1     2     1     1   595     0
   587     1     3     1     6     8     2     4     0     1     0     0     1     2     0     1   476     0
   588     2     8     1     7     1     3     5     0     1     0     0     1     3     0     0   855     0
   589     1     1     2     2     4     6     8     1     0     0     0     1     3     1     1   641     0
   590     2     6     2     3     5     7     1     0     0     1     1     0     3     1     0   649     0
   591     1     4     1     8     2     4     6     1     1     1     1     0     3     1     1   517     0
   592     1     4     1     8     2     4     6     1     0     0     0     1     1     0     1   514     0
   593     1     3     1     6     8     2     4     1     1     1     1     1     2     0     1   453     0
   594     2     8     1     7     1     3     5     1     0     0     0     1     3     0     1   552     0
   595     2     6     2     3     5     7     1     1     1     0     0     1     2     0     1   494     0
   596     2     6     2     3     5     7     1     0     0     0     0     0     1     1     1   472     0
   597     1     3     1     6     8     2     4     0     0     1     1     0     3     0     0   450     1
   598     1     3     1     6     8     2     4     0     1     1     0     0     1     0     1   538     0
   599     2     5     0     1     3     5     7     1     1     0     0     1     3     1     0   708     0
   600     2     5     0     1     3     5     7     0     1     0     1     1     1     1     0   805     0
   601     2     6     2     3     5     7     1     0     1     0     1     1     2     0     0   512     0
   602     1     3     1     6     8     2     4     0     0     1     0     1     3     0     1   562     0
   603     1     4     1     8     2     4     6     0     1     1     0     0     2     0     1   626     0
   604     1     4     1     8     2     4     6     1     0     1     1     0     1     1     1   676     0
   605     1     4     1     8     2     4     6     1     0     1     0     0     1     0     0   565     0
   606     1     4     1     8     2     4     6     0     0     0     1     0     1     1     0   581     0
   607     2     8     1     7     1     3     5     1     1     1     1     1     3     1     1   721     0
   608     1     1     2     2     4     6     8     1     0     0     0     1     3     0     1   521     0
   609     1     1     2     2     4     6     8     1     1     1     0     0     1     0     1   725     0
   610     1     2     2     4     6     8     2     1     1     1     1     0     2     0     0   713     0
   611     1     4     1     8     2     4     6     0     1     1     0     1     2     1     0   693     0
   612     1     4     1     8     2     4     6     1     1     0     1     0     1     1     0   662     0
   613     1     2     2     4     6     8     2     1     1     0     1     0     2     0     0   811     0
   614     2     7     0     5     7     1     3     1     1     0     0     1     3     0     0   631     0
   615     1     2     2     4     6     8     2     0     1     0     0     0     3     1     0   649     0
   616     1     2     2     4     6     8     2     1     0     0     1     1     1     1     1   747     0
   617     2     7     0     5     7     1     3     1     1     1     0     0     3     0     1   539     0
   618     2     7     0     5     7     1     3     1     1     0     0     1     1     0     0   424     0
   619     2     7     0     5     7     1     3     0     0     0     0     1     1     1     1   522     0
   620     2     7     0     5     7     1     3     0     0     0     1     0     1     0     0   463     0
   621     2     5     0     1     3     5     7     0     0     1     1     0     2     0     0   720     0
   622     2     6     2     3     5     7     1     1     1     0     1     1     2     1     1   540     0
   623     1     1     2     2     4     6     8     1     1     1     0     1     3     0     0   587     0
   624     1     1     2     2     4     6     8     1     1     0     0     1     1     0     0   399     0
   625     1     3     1     6     8     2     4     0     0     0     0     1     2     1     1   745     0
   626     1     3     1     6     8     2     4     0     0     0     1     1     1     0     0   509     0
   627     1     3     1     6     8     2     4     0     1     0     1     0     1     0     1   685     0
   628     1     4     1     8     2     4     6     1     1     1     1     1     2     1     0   410     0
   629     1     4     1     8     2     4     6     1     1     0     0     0     1     0     0  1071     0
   630     1     2     2     4     6     8     2     0     0     1     0     0     2     1     1   648     0
   631     1     4     1     8     2     4     6     0     0     1     1     0     2     0     0   526     1
   632     1     4     1     8     2     4     6     1     0     1     0     1     1     1     0   674     1
   633     1     3     1     6     8     2     4     0     0     1     0     0     2     1     0   897     0
   634     1     1     2     2     4     6     8     1     0     0     1     0     2     1     0   718     0
   635     1     1     2     2     4     6     8     0     1     0     1     1     1     1     1   821     1
   636     1     2     2     4     6     8     2     0     0     0     1     0     2     0     1   979     0
   637     1     2     2     4     6     8     2     0     0     0     0     1     1     0     0   466     0
   638     1     2     2     4     6     8     2     0     1     1     1     0     1     0     1   388     1
   639     1     1     2     2     4     6     8     1     0     1     0     1     2     1     1   833     0
   640     1     1     2     2     4     6     8     0     0     1     1     0     1     1     0   668     0
   641     2     7     0     5     7     1     3     1     1     1     1     0     3     1     1   744     0
   642     2     8     1     7     1     3     5     1     1     1     0     0     2     0     0   721     0
   643     2     5     0     1     3     5     7     0     0     0     0     1     2     1     1   371     1
   644     2     7     0     5     7     1     3     0     1     1     0     1     2     0     1   676     0
   645     1     4     1     8     2     4     6     0     0     0     1     0     3     0     1   467     0
   646     1     4     1     8     2     4     6     1     1     0     0     1     1     1     1   584     0
   647     2     5     0     1     3     5     7     0     1     0     1     0     3     1     0   632     1
   648     2     5     0     1     3     5     7     0     1     0     0     1     1     0     0   559     0
   649     2     8     1     7     1     3     5     0     0     1     0     0     2     0     1   607     0
   650     2     8     1     7     1     3     5     0     1     1     0     0     1     0     1   371     0
   651     2     7     0     5     7     1     3     0     1     1     1     0     2     0     0   545     0
   652     2     6     2     3     5     7     1     0     1     0     1     1     2     0     0   471     0
   653     1     2     2     4     6     8     2     0     0     0     0     0     3     0     1   492     0
   654     1     3     1     6     8     2     4     0     0     0     1     1     2     0     0   536     0
   655     1     1     2     2     4     6     8     1     0     0     0     0     2     1     0   693     0
   656     1     2     2     4     6     8     2     0     1     1     1     0     2     1     1   701     0
   657     1     1     2     2     4     6     8     0     1     0     1     1     2     0     0   467     0
   658     1     1     2     2     4     6     8     1     0     1     0     0     1     1     1   647     0
   659     1     4     1     8     2     4     6     0     0     0     1     0     2     1     0   730     0
   660     1     4     1     8     2     4     6     1     0     1     0     0     1     1     0   921     0
   661     2     7     0     5     7     1     3     1     0     0     1     0     3     0     0   573     0
   662     2     7     0     5     7     1     3     1     1     0     1     0     1     0     1   769     0
   663     2     7     0     5     7     1     3     1     0     0     0     0     1     0     1   664     0
   664     2     6     2     3     5     7     1     0     0     0     1     1     2     1     0   732     0
   665     1     2     2     4     6     8     2     1     0     1     0     1     3     1     0   585     0
   666     1     2     2     4     6     8     2     0     1     1     0     1     1     1     1   513     0
   667     1     1     2     2     4     6     8     1     0     1     0     0     2     1     1   637     0
   668     1     1     2     2     4     6     8     1     0     1     1     1     1     0     0   810     0
   669     1     2     2     4     6     8     2     1     1     0     0     0     2     0     1   560     0
   670     1     2     2     4     6     8     2     1     1     0     0     0     1     0     0   895     0
   671     2     8     1     7     1     3     5     1     1     0     0     1     3     0     0   643     0
   672     2     8     1     7     1     3     5     0     1     0     0     0     1     1     0   749     0
   673     2     6     2     3     5     7     1     0     0     0     0     0     2     0     1   728     0
   674     2     6     2     3     5     7     1     1     1     1     1     0     1     1     1   746     0
   675     1     1     2     2     4     6     8     0     1     1     1     0     3     1     0   816     0
   676     1     3     1     6     8     2     4     1     0     0     1     1     2     1     1   969     1
   677     1     3     1     6     8     2     4     0     1     1     1     1     1     1     1   514     0
   678     1     3     1     6     8     2     4     0     1     1     0     1     1     0     0   431     0
   679     1     3     1     6     8     2     4     0     0     0     1     0     1     0     1   471     0
   680     1     2     2     4     6     8     2     1     1     0     1     1     2     1     1   586     0
   681     1     1     2     2     4     6     8     1     1     1     1     1     2     0     0   598     0
   682     2     6     2     3     5     7     1     1     0     0     0     0     3     0     1   530     0
   683     2     8     1     7     1     3     5     0     1     0     1     1     2     1     1   641     0
   684     2     8     1     7     1     3     5     1     1     0     0     1     1     1     0   477     0
   685     2     7     0     5     7     1     3     0     0     1     0     0     2     1     1   775     0
   686     2     7     0     5     7     1     3     1     0     1     0     0     1     1     0  1103     0
   687     1     2     2     4     6     8     2     0     1     1     0     1     3     1     1   629     0
   688     1     2     2     4     6     8     2     1     1     1     1     1     1     1     0   555     0
   689     2     5     0     1     3     5     7     0     0     1     1     0     3     1     1   596     0
   690     2     8     1     7     1     3     5     0     1     1     0     0     2     0     1   557     0
   691     2     8     1     7     1     3     5     1     0     1     0     0     1     1     1   861     0
   692     2     8     1     7     1     3     5     0     0     0     0     0     1     1     0   566     0
   693     2     5     0     1     3     5     7     1     1     1     0     0     2     1     1   812     0
   694     2     6     2     3     5     7     1     0     0     1     1     0     2     1     1   667     0
   695     2     7     0     5     7     1     3     0     0     0     1     1     2     0     0   532     1
   696     2     7     0     5     7     1     3     0     0     0     0     0     1     0     0   614     0
   697     2     5     0     1     3     5     7     1     0     0     0     1     2     1     0   898     0
   698     2     8     1     7     1     3     5     1     1     0     0     0     2     0     1   821     0
   699     1     1     2     2     4     6     8     1     0     1     0     0     3     0     1   575     0
   700     1     4     1     8     2     4     6     0     0     0     0     0     2     1     0   714     0
   701     1     1     2     2     4     6     8     1     1     0     0     1     2     1     1   565     0
   702     1     1     2     2     4     6     8     1     0     0     1     1     1     0     1   471     0
   703     2     6     2     3     5     7     1     1     1     1     1     0     3     0     1   454     0
   704     2     6     2     3     5     7     1     0     0     0     0     1     1     1     1   819     0
   705     1     2     2     4     6     8     2     1     0     0     0     1     3     1     0  1487     0
   706     1     1     2     2     4     6     8     1     0     1     1     0     2     0     0  1447     0
   707     2     7     0     5     7     1     3     1     0     1     0     1     3     0     0   795     0
   708     1     2     2     4     6     8     2     1     1     1     0     1     3     0     1   572     0
   709     2     7     0     5     7     1     3     1     1     0     1     1     3     0     0   480     0
   710     2     7     0     5     7     1     3     0     1     1     1     1     1     1     0   947     1
   711     1     1     2     2     4     6     8     0     0     1     1     0     3     0     1  1023     0
   712     1     1     2     2     4     6     8     1     1     1     0     0     1     1     1   724     0
   713     1     4     1     8     2     4     6     1     1     1     0     0     2     0     0   604     0
   714     1     4     1     8     2     4     6     0     0     1     1     1     1     1     1   495     0
   715     1     4     1     8     2     4     6     0     0     0     0     1     1     0     0   444     0
   716     1     4     1     8     2     4     6     1     0     0     0     1     1     1     0   437     0
   717     1     1     2     2     4     6     8     0     1     0     1     1     2     1     1   514     0
   718     1     1     2     2     4     6     8     0     0     1     0     1     1     0     1   479     0
   719     2     8     1     7     1     3     5     0     1     0     0     1     3     0     1   436     0
   720     2     8     1     7     1     3     5     0     0     0     1     1     1     0     1   581     0
   721     1     2     2     4     6     8     2     0     1     0     1     1     3     0     1   508     0
   722     2     5     0     1     3     5     7     1     1     0     0     1     3     1     0   717     0
   723     1     4     1     8     2     4     6     1     0     0     1     0     3     0     1   494     0
   724     1     3     1     6     8     2     4     0     0     1     1     0     2     1     0  1058     0
   725     1     2     2     4     6     8     2     0     0     0     1     1     2     0     0   775     0
   726     1     4     1     8     2     4     6     0     0     0     1     0     2     0     0   679     0
   727     1     1     2     2     4     6     8     1     1     0     1     1     2     1     1  1009     0
   728     1     1     2     2     4     6     8     0     0     1     1     1     1     1     1   541     0
   729     1     4     1     8     2     4     6     0     1     0     0     0     2     0     1   432     0
   730     1     1     2     2     4     6     8     1     0     1     0     1     2     1     1   749     0
   731     1     4     1     8     2     4     6     0     0     1     0     1     2     1     0   490     1
   732     1     2     2     4     6     8     2     0     0     1     0     1     2     0     0   854     0
   733     2     8     1     7     1     3     5     1     0     0     0     1     3     1     0   665     0
   734     2     8     1     7     1     3     5     0     0     0     1     1     1     1     0   498     0
   735     2     6     2     3     5     7     1     1     1     1     1     1     2     1     1   652     0
   736     2     5     0     1     3     5     7     1     0     0     1     0     2     0     1   441     0
   737     2     5     0     1     3     5     7     1     1     1     0     1     1     0     1   529     0
   738     2     5     0     1     3     5     7     1     0     0     0     1     1     0     1   483     0
   739     1     4     1     8     2     4     6     0     1     0     1     0     3     1     1   785     0
   740     1     1     2     2     4     6     8     0     1     0     0     1     2     0     0   703     0
   741     1     4     1     8     2     4     6     0     1     0     1     1     2     0     0   718     0
   742     1     4     1     8     2     4     6     0     1     0     0     1     1     0     0   402     0
   743     2     7     0     5     7     1     3     1     0     0     1     1     3     1     1   709     0
   744     2     8     1     7     1     3     5     1     0     1     1     0     2     0     0   730     0
   745     2     6     2     3     5     7     1     1     1     0     0     0     2     0     1   608     0
   746     2     7     0     5     7     1     3     0     1     1     0     1     2     1     0   641     0
   747     2     7     0     5     7     1     3     0     1     1     1     1     1     0     0   429     0
   748     2     7     0     5     7     1     3     1     1     1     0     0     1     1     0   451     0
   749     1     3     1     6     8     2     4     1     0     1     0     0     3     0     1   648     0
   750     1     3     1     6     8     2     4     0     0     0     0     0     1     1     0   973     0
   751     2     8     1     7     1     3     5     0     0     0     0     0     3     0     0   490     0
   752     2     7     0     5     7     1     3     1     1     0     0     0     2     1     1   835     0
   753     1     3     1     6     8     2     4     1     0     1     1     1     3     0     1   559     0
   754     1     3     1     6     8     2     4     0     1     1     1     1     1     1     1   633     0
   755     1     1     2     2     4     6     8     0     1     0     0     1     2     0     0   687     0
   756     1     1     2     2     4     6     8     0     1     0     0     0     1     0     0   719     0
   757     2     7     0     5     7     1     3     1     0     0     1     1     3     1     1   617     0
   758     1     4     1     8     2     4     6     1     1     0     1     0     3     0     1   743     0
   759     1     4     1     8     2     4     6     1     1     0     0     0     1     0     0   419     0
   760     1     4     1     8     2     4     6     0     1     1     1     0     1     1     0   806     0
   761     1     3     1     6     8     2     4     1     0     1     1     1     2     1     1   781     0
   762     1     3     1     6     8     2     4     0     1     0     0     0     1     1     1   909     0
   763     2     6     2     3     5     7     1     0     0     0     0     1     3     0     1   570     0
   764     2     6     2     3     5     7     1     1     0     0     0     1     1     1     0   518     0
   765     1     2     2     4     6     8     2     1     0     0     0     1     3     0     0   429     0
   766     1     1     2     2     4     6     8     1     1     1     1     1     2     0     1   849     0
   767     1     2     2     4     6     8     2     1     0     0     0     0     2     0     1   597     0
   768     1     2     2     4     6     8     2     1     1     0     1     1     1     0     1   679     0
   769     1     4     1     8     2     4     6     1     1     1     1     1     2     0     0   678     0
   770     1     4     1     8     2     4     6     1     0     0     0     1     1     0     1   567     0
   771     1     1     2     2     4     6     8     1     1     1     0     0     2     0     1   892     0
   772     1     3     1     6     8     2     4     0     1     1     1     1     2     1     0   844     0
   773     1     3     1     6     8     2     4     0     0     1     1     0     1     0     1   783     0
   774     1     1     2     2     4     6     8     0     1     1     0     1     2     0     1   632     0
   775     2     6     2     3     5     7     1     1     1     0     1     1     3     1     0   663     0
   776     1     3     1     6     8     2     4     0     1     0     0     1     3     1     0   744     0
   777     1     2     2     4     6     8     2     1     0     1     0     0     2     1     1   875     0
   778     1     3     1     6     8     2     4     1     1     0     0     1     2     0     1   470     0
   779     2     7     0     5     7     1     3     1     1     0     0     0     3     0     0   807     0
   780     2     5     0     1     3     5     7     0     0     1     0     1     2     1     1  1414     1
   781     2     5     0     1     3     5     7     0     1     0     0     1     1     0     1   476     0
   782     2     7     0     5     7     1     3     0     0     0     1     1     2     0     1   490     0
   783     2     6     2     3     5     7     1     0     0     0     1     0     2     0     0   495     0
   784     2     6     2     3     5     7     1     1     1     0     0     1     1     1     1   696     0
   785     1     4     1     8     2     4     6     0     1     0     0     1     3     1     0   744     0
   786     1     4     1     8     2     4     6     1     0     1     0     1     1     1     1   645     1
   787     2     7     0     5     7     1     3     1     0     1     1     1     3     0     0   647     0
   788     1     4     1     8     2     4     6     1     0     1     1     1     3     0     0   531     0
   789     1     2     2     4     6     8     2     1     0     1     1     1     2     0     0   590     0
   790     1     2     2     4     6     8     2     0     0     0     0     1     1     1     0   654     1
   791     1     1     2     2     4     6     8     0     1     1     1     1     2     0     1   690     0
   792     1     2     2     4     6     8     2     1     1     1     0     0     2     1     0   769     0
   793     1     3     1     6     8     2     4     1     1     1     0     1     2     0     0   638     0
   794     1     4     1     8     2     4     6     0     1     0     1     1     2     1     0   585     0
   795     2     7     0     5     7     1     3     0     1     1     0     1     3     0     0   514     0
   796     2     7     0     5     7     1     3     0     1     1     0     1     1     0     0   435     0
   797     2     5     0     1     3     5     7     1     1     0     0     0     2     1     0   628     1
   798     2     5     0     1     3     5     7     1     1     1     0     0     1     0     0   457     0
   799     1     3     1     6     8     2     4     1     0     1     1     0     3     0     1   630     0
   800     1     1     2     2     4     6     8     0     0     0     0     1     2     1     0   711     0
   801     2     5     0     1     3     5     7     0     1     0     1     0     3     0     1  1104     0
   802     2     5     0     1     3     5     7     0     1     0     0     0     1     0     0   534     0
   803     2     5     0     1     3     5     7     1     1     1     1     1     1     1     0   710     0
   804     2     5     0     1     3     5     7     0     1     0     1     0     1     1     0   429     0
   805     2     6     2     3     5     7     1     0     1     0     0     0     2     0     0  1182     0
   806     2     6     2     3     5     7     1     0     1     0     0     0     1     0     0   445     0
   807     1     1     2     2     4     6     8     1     1     1     0     1     3     1     0   668     0
   808     1     1     2     2     4     6     8     1     1     1     1     0     1     0     0   411     0
   809     2     8     1     7     1     3     5     0     1     0     0     1     3     1     0  1237     0
   810     2     8     1     7     1     3     5     1     1     1     0     1     1     1     0   591     0
   811     1     3     1     6     8     2     4     0     0     0     1     0     3     1     1   699     0
   812     1     3     1     6     8     2     4     0     0     1     0     0     1     0     0   642     0
   813     2     6     2     3     5     7     1     1     0     1     1     1     3     1     0   693     0
   814     2     6     2     3     5     7     1     0     1     1     0     1     1     1     1   550     1
   815     1     4     1     8     2     4     6     1     0     0     1     0     3     1     1  1162     0
   816     1     4     1     8     2     4     6     1     1     1     1     0     1     0     1   471     0
   817     2     8     1     7     1     3     5     0     0     1     1     0     3     1     1   700     0
   818     1     1     2     2     4     6     8     1     0     0     1     0     3     1     0   643     0
   819     2     7     0     5     7     1     3     0     1     0     1     1     3     1     1   638     0
   820     2     6     2     3     5     7     1     1     0     1     0     0     2     1     1   821     0
   821     1     4     1     8     2     4     6     0     0     0     0     1     3     1     0   600     0
   822     1     1     2     2     4     6     8     1     1     0     0     0     2     1     1   533     0
   823     1     4     1     8     2     4     6     1     1     1     0     0     2     0     0   472     0
   824     1     2     2     4     6     8     2     0     1     1     1     0     2     1     0  1349     0
   825     2     6     2     3     5     7     1     0     0     0     1     1     3     0     1   715     0
   826     2     6     2     3     5     7     1     0     0     1     0     0     1     0     0   599     0
   827     1     1     2     2     4     6     8     0     0     1     0     0     3     0     0   547     0
   828     1     2     2     4     6     8     2     1     1     0     1     1     2     1     1   834     0
   829     2     6     2     3     5     7     1     0     1     1     0     1     3     1     0   812     0
   830     2     6     2     3     5     7     1     0     0     0     0     0     1     0     1   791     0
   831     1     1     2     2     4     6     8     1     1     0     0     1     3     1     1  1105     0
   832     1     2     2     4     6     8     2     1     0     1     0     1     2     0     1  1186     0
   833     2     7     0     5     7     1     3     1     0     0     0     1     3     0     0   757     0
   834     2     7     0     5     7     1     3     1     1     1     1     0     1     0     1   491     0
   835     2     5     0     1     3     5     7     1     1     1     1     0     2     0     0   576     0
   836     1     2     2     4     6     8     2     1     0     0     0     1     3     0     1   440     0
   837     2     7     0     5     7     1     3     1     0     1     1     1     3     0     0   796     0
   838     2     8     1     7     1     3     5     1     0     1     1     1     2     0     0   665     0
   839     1     2     2     4     6     8     2     0     1     1     0     1     3     1     1   765     0
   840     1     1     2     2     4     6     8     0     0     1     1     0     2     0     1   960     0
   841     2     7     0     5     7     1     3     1     1     1     0     1     3     1     1   666     0
   842     2     6     2     3     5     7     1     1     1     1     0     1     2     0     0   557     0
   843     2     5     0     1     3     5     7     1     1     0     0     0     2     0     0   720     0
   844     2     5     0     1     3     5     7     0     0     1     0     1     1     1     1   820     0
   845     1     2     2     4     6     8     2     0     1     0     0     0     3     0     1   797     0
   846     1     2     2     4     6     8     2     0     1     0     0     0     1     0     0   932     0
   847     2     8     1     7     1     3     5     1     1     0     0     0     3     1     0   802     0
   848     2     8     1     7     1     3     5     0     0     1     1     0     1     1     1   528     0
   849     2     6     2     3     5     7     1     0     1     0     0     1     2     0     1   915     0
   850     2     6     2     3     5     7     1     1     1     1     1     0     1     1     0   996     0
   851     1     3     1     6     8     2     4     0     0     1     1     1     3     1     1  1207     1
   852     1     2     2     4     6     8     2     1     0     0     1     1     2     1     0   715     0
   853     2     6     2     3     5     7     1     1     0     1     0     0     3     0     0   522     0
   854     1     1     2     2     4     6     8     0     1     0     0     1     3     1     1   621     0
   855     1     4     1     8     2     4     6     1     0     1     1     1     2     1     1   708     0
   856     2     5     0     1     3     5     7     1     0     1     1     0     3     0     0   492     1
   857     2     6     2     3     5     7     1     0     1     0     0     0     2     1     1   732     0
   858     1     1     2     2     4     6     8     0     1     0     0     0     3     0     0   653     0
   859     1     2     2     4     6     8     2     1     1     1     1     0     2     1     0  1283     0
   860     1     2     2     4     6     8     2     1     0     0     1     0     1     0     1   526     0
   861     2     6     2     3     5     7     1     0     0     1     1     1     3     1     0   779     0
   862     2     8     1     7     1     3     5     0     1     0     0     1     2     0     1   503     0
   863     2     7     0     5     7     1     3     1     0     1     1     1     2     1     1   734     0
   864     1     4     1     8     2     4     6     1     0     1     1     1     3     0     0   818     0
   865     1     3     1     6     8     2     4     0     0     1     0     1     2     1     0   744     0
   866     1     3     1     6     8     2     4     1     0     1     1     0     1     1     0   694     0
   867     1     4     1     8     2     4     6     1     0     0     1     1     2     0     0   808     0
   868     2     7     0     5     7     1     3     1     1     0     0     1     3     0     1   680     0
   869     1     4     1     8     2     4     6     1     1     0     1     0     3     0     0   633     0
   870     1     1     2     2     4     6     8     0     0     1     1     0     2     1     1   705     0
   871     2     8     1     7     1     3     5     0     1     0     0     0     3     0     1   526     0
   872     2     5     0     1     3     5     7     1     1     0     0     0     2     1     0   713     0
   873     1     3     1     6     8     2     4     1     0     1     1     1     3     0     1   559     0
   874     1     3     1     6     8     2     4     0     0     1     1     0     1     1     0   994     0
   875     1     1     2     2     4     6     8     1     1     1     0     1     2     1     1  1124     0
   876     1     1     2     2     4     6     8     1     1     1     0     1     1     0     0   457     0
   877     2     7     0     5     7     1     3     1     1     1     0     0     3     0     0   772     0
   878     2     7     0     5     7     1     3     1     1     0     0     0     1     0     0   534     0
   879     2     6     2     3     5     7     1     1     0     1     0     0     2     0     1   721     0
   880     2     7     0     5     7     1     3     0     0     0     0     0     2     1     0   863     0
   881     2     6     2     3     5     7     1     1     1     0     1     0     2     1     1   573     0
   882     2     6     2     3     5     7     1     1     1     1     1     1     1     0     0   527     0
   883     1     4     1     8     2     4     6     0     0     1     1     1     3     1     1   719     0
   884     1     4     1     8     2     4     6     0     0     0     0     1     1     0     0   504     0
   885     1     4     1     8     2     4     6     1     0     0     0     1     1     1     0   520     0
   886     1     4     1     8     2     4     6     0     0     1     1     0     1     1     0   808     0
   887     2     5     0     1     3     5     7     0     1     1     1     0     3     0     1   537     0
   888     2     5     0     1     3     5     7     1     0     0     0     1     1     1     1   822     0
   889     1     4     1     8     2     4     6     0     0     1     0     1     3     1     0   599     0
   890     1     4     1     8     2     4     6     1     0     0     0     0     1     1     0   485     0
   891     1     1     2     2     4     6     8     0     1     0     1     0     2     1     1   674     0
   892     1     1     2     2     4     6     8     1     0     0     1     0     1     1     1   548     0
   893     2     5     0     1     3     5     7     0     0     1     0     1     3     1     0   464     1
   894     2     5     0     1     3     5     7     0     0     1     1     0     1     0     0   649     0
   895     2     7     0     5     7     1     3     1     0     1     1     0     2     1     0   584     1
   896     2     7     0     5     7     1     3     1     1     0     1     0     1     0     1   833     0
