     1     2     5     0     1     3     5     7     1     1     1     1     0     3     0     0  1500     2
     2     2     5     0     1     3     5     7     1     1     1     1     0     1     0     0   704     0
     3     2     8     1     7     1     3     5     1     0     1     0     1     2     0     1   569     0
     4     2     8     1     7     1     3     5     1     0     1     1     0     1     0     0   480     0
     5     1     4     1     8     2     4     6     1     0     1     1     0     3     0     0   478     0
     6     1     4     1     8     2     4     6     0     1     1     0     0     1     1     1   935     0
     7     2     5     0     1     3     5     7     1     1     0     0     1     3     1     0  1034     0
     8     2     7     0     5     7     1     3     1     0     1     0     1     2     0     1   476     0
     9     2     8     1     7     1     3     5     1     1     0     0     0     2     0     1   752     0
    10     2     8     1     7     1     3     5     0     0     1     1     0     1     1     1   702     0
    11     2     6     2     3     5     7     1     0     0     1     0     1     2     0     0  1384     1
    12     2     6     2     3     5     7     1     1     1     0     1     1     1     1     1  1177     0
    13     1     1     2     2     4     6     8     1     0     0     0     0     3     0     1  1500     2
    14     1     1     2     2     4     6     8     1     1     0     0     1     1     0     1   707     0
    15     2     7     0     5     7     1     3     1     1     0     0     0     3     0     0  1142     0
    16     2     7     0     5     7     1     3     0     0     1     0     1     1     1     1  1500     2
    17     2     8     1     7     1     3     5     0     1     0     0     0     2     0     1   798     0
    18     2     8     1     7     1     3     5     0     0     1     1     0     1     0     1   830     0
    19     2     5     0     1     3     5     7     1     1     1     0     1     2     1     1   703     0
    20     1     4     1     8     2     4     6     1     1     1     0     1     3     0     0   606     0
    21     2     7     0     5     7     1     3     1     1     0     1     1     3     0     0  1056     0
    22     2     7     0     5     7     1     3     1     0     1     1     0     1     0     1   480     0
    23     1     3     1     6     8     2     4     1     0     0     1     1     3     0     0  1291     1
    24     1     3     1     6     8     2     4     1     0     1     0     1     1     0     0   610     0
    25     1     3     1     6     8     2     4     0     1     0     1     1     1     1     1  1446     0
    26     1     3     1     6     8     2     4     0     0     1     0     1     1     0     1  1312     0
    27     2     6     2     3     5     7     1     0     1     0     0     1     3     0     1   628     0
    28     2     6     2     3     5     7     1     0     0     1     1     0     1     0     1   665     0
    29     1     2     2     4     6     8     2     1     1     1     1     0     3     1     1   658     0
    30     1     2     2     4     6     8     2     1     0     0     0     1     1     0     1   676     1
    31     2     6     2     3     5     7     1     1     0     1     1     1     3     0     0   645     1
    32     2     6     2     3     5     7     1     1     0     1     1     1     1     0     0   556     0
    33     1     4     1     8     2     4     6     0     0     0     0     0     3     1     0   946     0
    34     1     4     1     8     2     4     6     1     0     1     1     0     1     1     0  1021     0
    35     1     4     1     8     2     4     6     0     1     1     0     0     1     1     1  1107     0
    36     1     1     2     2     4     6     8     0     1     1     1     1     2     0     0   813     0
    37     1     3     1     6     8     2     4     0     0     1     1     1     2     0     1  1067     0
    38     1     4     1     8     2     4     6     0     1     1     0     0     2     0     1   701     0
    39     1     1     2     2     4     6     8     0     0     0     1     0     2     0     1   575     0
    40     1     4     1     8     2     4     6     0     1     1     1     0     2     0     1   571     0
    41     1     4     1     8     2     4     6     0     0     0     0     1     1     0     1   592     0
    42     1     4     1     8     2     4     6     0     0     0     1     1     1     0     0   570     0
    43     1     1     2     2     4     6     8     0     1     0     1     0     2     0     1   521     0
    44     1     4     1     8     2     4     6     1     0     1     0     1     2     1     1   837     0
    45     2     7     0     5     7     1     3     1     1     0     1     1     3     0     1  1211     0
    46     2     7     0     5     7     1     3     1     0     0     1     0     1     0     1   908     0
    47     2     8     1     7     1     3     5     1     0     0     0     1     2     0     0   665     0
    48     2     8     1     7     1     3     5     1     0     1     1     0     1     0     0   479     0
    49     1     1     2     2     4     6     8     1     1     1     1     0     3     0     1   486     0
    50     1     2     2     4     6     8     2     0     1     1     1     0     2     1     0  1081     1
    51     1     2     2     4     6     8     2     1     1     0     0     0     1     1     0   657     0
    52     1     2     2     4     6     8     2     0     0     1     0     1     1     1     1   950     0
    53     1     1     2     2     4     6     8     0     0     1     0     0     2     0     0  1004     0
    54     1     1     2     2     4     6     8     0     0     0     1     1     1     0     0   503     0
    55     2     7     0     5     7     1     3     0     0     1     0     0     3     0     0   920     0
    56     2     6     2     3     5     7     1     1     0     1     0     1     2     1     0  1252     0
    57     2     7     0     5     7     1     3     0     1     0     1     0     2     1     1   698     0
    58     2     7     0     5     7     1     3     0     0     1     0     0     1     0     1   419     0
    59     2     7     0     5     7     1     3     0     1     1     0     1     1     0     1   721     0
    60     2     5     0     1     3     5     7     0     1     1     1     1     2     0     0   688     0
    61     1     4     1     8     2     4     6     1     1     1     0     1     3     1     0   748     0
    62     1     4     1     8     2     4     6     0     1     0     1     1     1     1     0   503     0
    63     1     1     2     2     4     6     8     0     1     0     1     1     2     0     0   544     0
    64     1     1     2     2     4     6     8     1     1     1     1     1     1     1     0   738     0
    65     1     3     1     6     8     2     4     0     1     0     1     1     2     1     0   790     0
    66     1     3     1     6     8     2     4     0     0     1     0     1     1     0     1   580     0
    67     2     5     0     1     3     5     7     0     0     1     1     1     3     0     0   947     0
    68     1     2     2     4     6     8     2     1     0     1     1     0     3     1     0   946     0
    69     1     2     2     4     6     8     2     1     0     0     0     1     1     0     0   595     0
    70     1     1     2     2     4     6     8     1     0     1     0     1     2     0     0  1308     0
    71     1     2     2     4     6     8     2     1     1     1     0     1     2     0     1   540     0
    72     1     2     2     4     6     8     2     0     1     0     0     1     1     1     0   516     0
    73     2     8     1     7     1     3     5     1     0     1     1     1     3     1     1   760     0
    74     2     6     2     3     5     7     1     1     1     0     1     0     2     0     1   914     0
    75     2     6     2     3     5     7     1     0     0     1     1     0     1     1     1   570     0
    76     2     5     0     1     3     5     7     1     0     1     1     0     2     1     0   982     0
    77     2     8     1     7     1     3     5     1     1     0     1     1     2     0     1   581     0
    78     2     8     1     7     1     3     5     1     1     0     0     1     1     0     0   533     0
    79     2     6     2     3     5     7     1     1     1     0     1     0     2     0     0   486     1
    80     2     6     2     3     5     7     1     0     0     0     1     0     1     1     1   580     0
    81     1     4     1     8     2     4     6     0     0     1     1     0     3     0     0   633     0
    82     1     4     1     8     2     4     6     0     0     0     0     1     1     0     0   519     0
    83     2     6     2     3     5     7     1     0     1     0     1     0     3     0     1   509     0
    84     2     6     2     3     5     7     1     0     1     0     1     0     1     0     0   525     0
    85     2     7     0     5     7     1     3     0     1     1     0     0     2     0     0   729     0
    86     2     7     0     5     7     1     3     0     1     0     0     1     1     0     0   625     0
    87     1     3     1     6     8     2     4     1     0     1     1     1     3     1     1   898     0
    88     1     3     1     6     8     2     4     1     0     1     0     0     1     0     0   515     0
    89     2     6     2     3     5     7     1     0     1     1     1     1     3     1     1  1107     0
    90     2     7     0     5     7     1     3     1     1     1     0     0     2     1     0   765     0
    91     2     7     0     5     7     1     3     0     1     1     1     0     1     1     0  1001     0
    92     2     7     0     5     7     1     3     0     1     0     0     0     1     0     0   484     0
    93     1     3     1     6     8     2     4     0     0     0     0     1     3     0     1   696     0
    94     1     3     1     6     8     2     4     1     0     0     1     1     1     1     0   809     0
    95     1     1     2     2     4     6     8     0     0     1     1     0     2     1     0   939     0
    96     1     1     2     2     4     6     8     0     1     0     1     0     1     0     1   624     0
    97     1     2     2     4     6     8     2     1     1     0     1     0     2     1     0   705     0
    98     2     7     0     5     7     1     3     1     1     0     0     1     3     0     0   605     0
    99     1     3     1     6     8     2     4     0     1     0     1     1     3     1     0   780     0
   100     1     4     1     8     2     4     6     0     0     1     0     1     2     0     1   487     0
   101     1     2     2     4     6     8     2     1     0     1     0     1     2     1     0   774     0
   102     1     2     2     4     6     8     2     0     0     0     0     0     1     1     0   442     0
   103     2     6     2     3     5     7     1     1     0     1     1     1     3     1     0   488     0
   104     2     6     2     3     5     7     1     1     1     1     0     0     1     0     1   541     0
   105     2     7     0     5     7     1     3     0     1     1     1     1     2     1     0   712     0
   106     2     6     2     3     5     7     1     0     0     1     1     1     2     0     1   661     0
   107     1     3     1     6     8     2     4     1     0     0     1     1     3     1     0   643     0
   108     1     4     1     8     2     4     6     0     1     1     1     0     2     1     1   689     0
   109     2     5     0     1     3     5     7     1     0     1     1     0     3     1     1  1308     1
   110     1     2     2     4     6     8     2     1     0     1     1     0     3     0     0   760     1
   111     2     6     2     3     5     7     1     0     1     0     1     0     3     1     1  1215     1
   112     1     1     2     2     4     6     8     0     0     1     0     0     3     0     1  1107     0
   113     2     7     0     5     7     1     3     1     1     1     1     1     3     1     1   744     0
   114     2     7     0     5     7     1     3     0     0     1     1     0     1     1     1   811     0
   115     1     3     1     6     8     2     4     0     1     0     0     0     3     0     1   819     0
   116     1     1     2     2     4     6     8     0     1     0     0     0     2     0     0   749     0
   117     1     2     2     4     6     8     2     1     0     0     0     1     2     1     1   973     0
   118     1     2     2     4     6     8     2     1     0     1     1     0     1     0     0  1236     0
   119     1     1     2     2     4     6     8     1     1     1     1     1     2     0     1   438     0
   120     1     1     2     2     4     6     8     0     1     1     1     0     1     1     0   876     0
   121     2     5     0     1     3     5     7     0     1     0     0     0     3     0     0   645     0
   122     2     5     0     1     3     5     7     0     1     0     0     0     1     0     0   595     0
   123     2     7     0     5     7     1     3     1     1     0     1     0     2     1     0   973     0
   124     2     5     0     1     3     5     7     1     0     1     1     1     2     0     1   597     0
   125     2     5     0     1     3     5     7     1     1     1     1     0     1     0     1   548     0
   126     2     6     2     3     5     7     1     0     0     0     0     1     2     1     1   531     1
   127     1     3     1     6     8     2     4     0     0     0     0     1     3     0     0   560     0
   128     1     4     1     8     2     4     6     1     0     1     0     1     2     1     0   843     1
   129     2     5     0     1     3     5     7     0     1     0     0     1     3     1     1   638     0
   130     2     5     0     1     3     5     7     0     0     1     0     0     1     0     1   695     0
   131     1     1     2     2     4     6     8     1     0     0     1     0     3     1     0  1118     0
   132     1     1     2     2     4     6     8     1     1     0     0     0     1     0     1   624     0
   133     1     1     2     2     4     6     8     1     0     0     0     0     1     0     1   839     0
   134     1     1     2     2     4     6     8     0     1     0     1     1     1     1     1  1012     0
   135     1     4     1     8     2     4     6     1     0     1     0     1     2     1     1   595     0
   136     1     4     1     8     2     4     6     0     1     0     0     1     1     1     1   674     0
   137     1     2     2     4     6     8     2     1     0     1     1     1     2     1     1   708     0
   138     1     3     1     6     8     2     4     1     0     1     1     1     2     0     0  1055     0
   139     2     8     1     7     1     3     5     0     0     0     0     0     3     1     0  1025     1
   140     2     8     1     7     1     3     5     0     1     0     1     1     1     0     1   802     0
   141     1     4     1     8     2     4     6     0     1     0     0     0     3     0     0   800     0
   142     1     4     1     8     2     4     6     1     0     1     1     0     1     1     1   880     0
   143     1     4     1     8     2     4     6     0     1     0     1     0     1     1     1   926     0
   144     1     4     1     8     2     4     6     1     0     0     1     0     1     1     1  1500     2
   145     2     8     1     7     1     3     5     0     1     0     0     1     3     1     1  1316     0
   146     2     8     1     7     1     3     5     0     0     0     1     1     1     0     1   813     0
   147     1     3     1     6     8     2     4     0     0     0     1     1     3     0     0   741     0
   148     1     3     1     6     8     2     4     1     0     0     1     0     1     1     0   798     0
   149     1     4     1     8     2     4     6     1     1     0     0     0     2     0     1   771     1
   150     1     1     2     2     4     6     8     0     0     0     0     0     2     1     1   959     1
   151     2     7     0     5     7     1     3     1     1     1     0     0     3     1     1  1057     1
   152     2     7     0     5     7     1     3     0     0     0     1     1     1     1     1  1182     1
   153     1     4     1     8     2     4     6     1     0     0     1     0     3     1     0  1344     0
   154     1     4     1     8     2     4     6     1     1     1     0     1     1     0     1   814     0
   155     1     2     2     4     6     8     2     0     0     0     0     0     2     1     1  1007     0
   156     1     1     2     2     4     6     8     1     0     1     0     1     2     1     0  1114     0
   157     2     5     0     1     3     5     7     0     0     1     0     0     3     1     0   934     0
   158     2     5     0     1     3     5     7     1     0     1     1     0     1     1     0   751     0
   159     1     4     1     8     2     4     6     1     0     1     0     0     3     0     0  1180     0
   160     1     4     1     8     2     4     6     0     0     0     0     0     1     1     0   822     0
   161     2     5     0     1     3     5     7     1     1     1     0     1     3     1     1   538     0
   162     2     5     0     1     3     5     7     0     1     0     1     1     1     1     0   558     0
   163     1     1     2     2     4     6     8     0     1     1     0     1     3     0     0  1500     2
   164     2     6     2     3     5     7     1     0     0     1     0     1     3     0     1  1112     0
   165     1     3     1     6     8     2     4     1     1     1     1     0     3     1     1   692     0
   166     2     8     1     7     1     3     5     0     0     1     1     0     3     1     1  1185     0
   167     2     5     0     1     3     5     7     0     0     1     1     0     2     0     0   685     0
   168     2     8     1     7     1     3     5     0     1     0     1     0     2     0     1   670     0
   169     2     6     2     3     5     7     1     0     0     0     0     0     2     0     1   603     0
   170     2     7     0     5     7     1     3     0     0     1     1     1     2     0     0   477     0
   171     2     5     0     1     3     5     7     1     0     0     1     1     2     1     0   920     0
   172     2     6     2     3     5     7     1     1     0     1     0     0     2     0     0   922     0
   173     2     5     0     1     3     5     7     1     1     0     1     1     2     0     1   488     0
   174     2     5     0     1     3     5     7     1     1     0     1     1     1     0     0   775     1
   175     2     6     2     3     5     7     1     0     1     0     0     0     2     1     0   852     0
   176     2     8     1     7     1     3     5     1     0     1     1     0     2     1     1  1030     0
   177     1     1     2     2     4     6     8     1     1     1     1     1     3     0     1   550     0
   178     1     1     2     2     4     6     8     1     1     1     0     0     1     0     0   509     0
   179     2     8     1     7     1     3     5     0     0     0     1     0     3     1     1   532     0
   180     2     8     1     7     1     3     5     1     1     1     1     0     1     1     1   821     1
   181     1     2     2     4     6     8     2     0     1     0     0     1     3     1     0   673     0
   182     1     2     2     4     6     8     2     0     0     1     0     1     1     0     1  1392     0
   183     2     7     0     5     7     1     3     0     0     0     1     1     3     0     0   708     0
   184     2     7     0     5     7     1     3     0     1     1     1     1     1     0     1   633     0
   185     1     4     1     8     2     4     6     1     1     0     0     1     3     1     0   743     0
   186     2     7     0     5     7     1     3     1     0     0     1     1     3     0     1   592     0
   187     1     3     1     6     8     2     4     0     0     1     0     1     3     1     0   831     0
   188     1     2     2     4     6     8     2     0     0     0     0     0     2     0     0   530     0
   189     1     4     1     8     2     4     6     0     0     1     1     1     2     0     0   745     1
   190     1     4     1     8     2     4     6     0     0     0     0     1     1     0     0   802     0
   191     1     3     1     6     8     2     4     1     0     0     0     0     2     1     0   905     0
   192     1     3     1     6     8     2     4     1     1     0     0     0     1     0     1  1457     1
   193     2     7     0     5     7     1     3     0     0     1     0     0     3     1     1   908     0
   194     2     7     0     5     7     1     3     0     1     1     1     0     1     0     1   743     0
   195     2     8     1     7     1     3     5     0     0     1     0     1     2     0     1   583     0
   196     2     5     0     1     3     5     7     0     0     0     0     0     2     0     0   741     0
   197     2     7     0     5     7     1     3     0     0     1     1     0     2     0     0   537     0
   198     1     2     2     4     6     8     2     0     1     1     0     0     3     0     1   555     0
   199     2     6     2     3     5     7     1     1     1     1     1     1     3     1     0  1106     1
   200     2     7     0     5     7     1     3     1     0     0     0     0     2     0     1   520     0
   201     1     4     1     8     2     4     6     0     1     1     0     0     3     1     1  1135     0
   202     1     4     1     8     2     4     6     0     1     1     0     1     1     0     0   700     0
   203     2     6     2     3     5     7     1     1     0     1     0     1     3     1     1   782     0
   204     2     5     0     1     3     5     7     0     1     1     1     1     2     1     1   543     0
   205     2     7     0     5     7     1     3     0     1     1     1     0     2     0     0   753     0
   206     2     7     0     5     7     1     3     1     1     0     1     1     1     1     0  1330     1
   207     2     8     1     7     1     3     5     1     1     0     0     1     2     0     0   814     0
   208     1     3     1     6     8     2     4     1     0     1     1     1     3     0     1  1160     0
   209     1     3     1     6     8     2     4     0     0     1     1     1     1     1     0   776     0
   210     1     3     1     6     8     2     4     0     0     0     0     1     1     0     0   539     0
   211     2     6     2     3     5     7     1     1     1     0     0     0     3     1     1   728     0
   212     1     3     1     6     8     2     4     0     1     1     0     0     3     1     0  1248     1
   213     1     2     2     4     6     8     2     0     1     0     1     0     2     0     0   801     0
   214     1     2     2     4     6     8     2     1     1     0     0     1     1     1     0  1023     0
   215     1     4     1     8     2     4     6     0     1     0     1     0     2     1     0   928     0
   216     1     2     2     4     6     8     2     0     1     0     0     0     2     0     0   605     0
   217     2     6     2     3     5     7     1     1     1     0     1     0     3     1     0   837     0
   218     2     6     2     3     5     7     1     1     1     1     1     0     1     0     0   518     0
   219     2     8     1     7     1     3     5     0     1     1     0     0     2     1     0   902     0
   220     2     5     0     1     3     5     7     1     0     0     0     1     2     1     1   719     0
   221     1     4     1     8     2     4     6     1     0     0     0     0     3     0     0   928     0
   222     1     1     2     2     4     6     8     1     1     0     0     0     2     0     1   544     0
   223     1     1     2     2     4     6     8     1     0     1     1     0     1     0     1   979     0
   224     1     3     1     6     8     2     4     1     1     0     0     1     2     0     1   704     0
   225     2     7     0     5     7     1     3     1     1     0     1     0     3     0     0   768     0
   226     2     8     1     7     1     3     5     0     0     1     0     1     2     1     1  1500     2
   227     1     4     1     8     2     4     6     0     1     0     0     1     3     0     1   537     0
   228     2     5     0     1     3     5     7     0     1     0     0     1     3     0     0   585     0
   229     2     5     0     1     3     5     7     0     1     1     0     0     1     0     0   515     0
   230     2     5     0     1     3     5     7     0     1     0     0     0     1     0     0   502     0
   231     1     2     2     4     6     8     2     1     1     1     1     1     3     1     0  1089     0
   232     2     5     0     1     3     5     7     1     1     1     0     0     3     0     0   634     0
   233     2     8     1     7     1     3     5     1     0     1     1     1     2     0     1  1073     0
   234     2     8     1     7     1     3     5     0     1     1     0     0     1     1     1   760     0
   235     2     5     0     1     3     5     7     0     1     0     1     0     2     0     0   565     0
   236     2     5     0     1     3     5     7     1     0     0     1     0     1     1     1   601     0
   237     1     2     2     4     6     8     2     0     1     0     1     0     3     1     1   567     0
   238     1     3     1     6     8     2     4     1     1     0     1     0     2     1     0   977     0
   239     1     3     1     6     8     2     4     0     1     1     0     0     1     1     0   543     0
   240     1     1     2     2     4     6     8     1     1     1     0     1     2     1     0   680     0
   241     1     4     1     8     2     4     6     1     0     1     1     0     2     0     1   651     0
   242     1     2     2     4     6     8     2     0     0     0     1     1     2     1     0   651     0
   243     2     6     2     3     5     7     1     0     1     0     1     1     3     0     1   524     0
   244     2     6     2     3     5     7     1     1     1     1     1     1     1     1     0   768     0
   245     2     7     0     5     7     1     3     0     0     1     0     1     2     1     1   750     0
   246     2     7     0     5     7     1     3     0     0     0     0     0     1     0     0   518     0
   247     2     5     0     1     3     5     7     0     0     0     0     0     2     0     0   884     0
   248     2     5     0     1     3     5     7     0     0     1     1     0     1     0     0   657     0
   249     1     4     1     8     2     4     6     0     0     1     0     1     3     0     0   508     0
   250     1     2     2     4     6     8     2     1     1     0     1     1     2     1     1   658     0
   251     2     6     2     3     5     7     1     1     1     0     1     0     3     0     0   682     0
   252     1     3     1     6     8     2     4     0     1     0     1     0     3     1     0   669     1
   253     1     2     2     4     6     8     2     0     0     1     0     0     2     0     1  1256     0
   254     1     2     2     4     6     8     2     1     1     1     1     0     1     1     1  1333     1
   255     1     4     1     8     2     4     6     1     0     1     1     0     2     0     1  1295     0
   256     1     1     2     2     4     6     8     0     0     0     1     1     2     1     0  1352     0
   257     2     8     1     7     1     3     5     1     0     1     0     1     3     1     0  1280     0
   258     2     5     0     1     3     5     7     1     1     0     1     0     2     0     1   690     0
   259     2     5     0     1     3     5     7     0     0     0     0     0     1     1     1   579     0
   260     2     8     1     7     1     3     5     0     1     1     0     0     2     0     1   669     0
   261     2     5     0     1     3     5     7     0     1     1     0     0     2     0     0   649     0
   262     2     5     0     1     3     5     7     0     1     1     1     1     1     0     0   445     0
   263     2     5     0     1     3     5     7     1     1     1     0     0     1     1     0   715     0
   264     1     2     2     4     6     8     2     0     0     1     1     0     3     1     1   788     0
   265     2     5     0     1     3     5     7     1     1     1     1     1     3     1     1   504     0
   266     2     7     0     5     7     1     3     1     1     1     0     0     2     0     0   437     1
   267     1     1     2     2     4     6     8     0     1     1     1     1     3     1     0   775     0
   268     1     2     2     4     6     8     2     0     0     0     1     1     2     0     1   940     0
   269     2     7     0     5     7     1     3     1     1     0     0     1     3     1     1   920     0
   270     2     7     0     5     7     1     3     1     0     0     1     1     1     0     1   730     0
   271     2     8     1     7     1     3     5     0     1     1     1     0     2     1     1  1090     1
   272     2     8     1     7     1     3     5     1     1     0     1     0     1     1     0  1072     0
   273     1     1     2     2     4     6     8     0     1     1     0     1     3     1     0   888     0
   274     1     4     1     8     2     4     6     0     0     1     1     0     2     0     1   654     0
   275     2     8     1     7     1     3     5     0     1     1     1     0     3     0     1   728     0
   276     2     5     0     1     3     5     7     0     0     0     0     1     2     0     1   600     0
   277     1     3     1     6     8     2     4     0     1     0     1     0     3     0     1  1269     0
   278     1     3     1     6     8     2     4     0     1     0     0     0     1     0     0   660     0
   279     1     4     1     8     2     4     6     1     1     0     0     0     2     1     0  1053     0
   280     1     1     2     2     4     6     8     1     0     1     1     0     2     0     1  1007     0
   281     2     8     1     7     1     3     5     0     1     0     1     0     3     1     1   655     0
   282     2     8     1     7     1     3     5     0     1     1     0     1     1     0     0   594     0
   283     1     1     2     2     4     6     8     0     1     1     0     1     3     0     0   560     0
   284     1     1     2     2     4     6     8     1     1     1     0     1     1     1     0  1061     0
   285     2     5     0     1     3     5     7     1     1     1     0     1     3     0     0   522     0
   286     2     5     0     1     3     5     7     1     1     0     0     0     1     0     0   433     0
   287     1     3     1     6     8     2     4     0     1     0     1     1     3     1     0  1360     0
   288     2     8     1     7     1     3     5     1     1     1     1     1     3     1     0   900     0
   289     1     1     2     2     4     6     8     0     0     1     1     1     3     1     1   730     0
   290     1     1     2     2     4     6     8     0     1     0     1     0     1     0     1   826     0
   291     1     1     2     2     4     6     8     1     1     0     1     1     1     1     0   795     0
   292     1     1     2     2     4     6     8     0     1     0     1     1     1     1     0   600     0
   293     2     8     1     7     1     3     5     0     1     1     1     0     3     0     0   505     0
   294     2     8     1     7     1     3     5     0     0     1     1     1     1     0     1   615     0
   295     1     2     2     4     6     8     2     0     0     1     0     1     3     0     0   492     0
   296     1     2     2     4     6     8     2     1     0     0     0     0     1     1     0   693     0
   297     1     2     2     4     6     8     2     0     1     0     1     0     1     1     1   844     0
   298     1     2     2     4     6     8     2     1     0     0     1     0     1     1     1   584     0
   299     2     8     1     7     1     3     5     0     0     1     1     1     3     1     0   705     0
   300     2     7     0     5     7     1     3     1     1     0     1     0     2     1     1   826     0
   301     1     1     2     2     4     6     8     1     0     0     1     0     3     0     1   932     0
   302     1     3     1     6     8     2     4     0     0     0     1     0     2     1     0   881     0
   303     1     1     2     2     4     6     8     0     0     1     1     1     2     0     0   598     0
   304     1     4     1     8     2     4     6     0     1     1     1     1     2     0     1   726     0
   305     1     1     2     2     4     6     8     1     0     0     1     0     2     1     1   686     0
   306     1     1     2     2     4     6     8     0     1     1     1     1     1     1     1   537     0
   307     2     5     0     1     3     5     7     0     1     0     0     0     3     0     0   698     0
   308     2     5     0     1     3     5     7     1     0     0     0     1     1     1     1   555     0
   309     2     7     0     5     7     1     3     0     0     1     0     1     2     1     0   762     1
   310     2     8     1     7     1     3     5     1     1     0     1     1     2     1     1   879     0
   311     1     1     2     2     4     6     8     0     1     1     0     0     3     1     0  1422     0
   312     1     1     2     2     4     6     8     1     0     1     1     1     1     1     1   923     0
   313     1     2     2     4     6     8     2     1     0     0     0     1     2     0     0   855     0
   314     1     3     1     6     8     2     4     1     0     1     0     0     2     0     0   599     0
   315     1     4     1     8     2     4     6     1     0     0     1     0     2     0     0   892     0
   316     1     4     1     8     2     4     6     1     1     1     0     1     1     0     1   593     0
   317     2     5     0     1     3     5     7     0     0     0     0     0     3     1     1   745     0
   318     2     5     0     1     3     5     7     0     1     1     1     0     1     0     1   417     1
   319     2     8     1     7     1     3     5     0     0     1     1     1     2     0     1   847     0
   320     2     8     1     7     1     3     5     0     0     0     1     1     1     0     0   507     0
   321     2     7     0     5     7     1     3     1     0     0     0     0     2     1     0   959     0
   322     2     7     0     5     7     1     3     1     1     0     0     1     1     0     1  1155     0
   323     1     3     1     6     8     2     4     0     0     0     0     1     3     1     1   933     0
   324     1     3     1     6     8     2     4     0     0     1     1     0     1     0     0   546     0
   325     1     2     2     4     6     8     2     1     1     0     1     1     2     1     1   961     0
   326     1     2     2     4     6     8     2     0     1     0     0     0     1     1     0   593     0
   327     1     4     1     8     2     4     6     0     0     1     1     0     2     0     1   649     0
   328     1     1     2     2     4     6     8     0     1     1     0     1     2     0     1   520     0
   329     1     4     1     8     2     4     6     0     1     1     0     0     2     0     0   691     0
   330     1     4     1     8     2     4     6     0     1     1     1     1     1     0     0   416     0
   331     1     3     1     6     8     2     4     1     0     1     1     1     2     1     1   892     0
   332     1     3     1     6     8     2     4     1     0     1     0     0     1     0     0   693     0
   333     2     8     1     7     1     3     5     0     1     1     0     1     3     1     1   504     0
   334     1     1     2     2     4     6     8     1     1     1     0     1     3     1     0   818     0
   335     1     4     1     8     2     4     6     1     1     0     1     1     2     0     0   727     0
   336     2     5     0     1     3     5     7     0     1     0     0     1     3     1     0   592     0
   337     1     2     2     4     6     8     2     1     0     1     1     1     3     1     1   760     0
   338     1     2     2     4     6     8     2     0     1     1     1     1     1     1     1   715     0
   339     1     3     1     6     8     2     4     0     1     1     1     0     2     0     0   768     0
   340     1     2     2     4     6     8     2     0     0     0     0     1     2     0     1   666     1
   341     2     7     0     5     7     1     3     0     1     0     1     0     3     0     1   678     0
   342     2     7     0     5     7     1     3     0     0     0     1     0     1     0     1   770     0
   343     2     6     2     3     5     7     1     0     0     1     1     0     2     0     0   568     0
   344     2     6     2     3     5     7     1     0     0     0     0     1     1     0     0   502     0
   345     1     3     1     6     8     2     4     1     0     0     1     0     3     1     0   965     0
   346     2     8     1     7     1     3     5     0     1     1     1     1     3     1     1   566     0
   347     2     7     0     5     7     1     3     1     0     0     0     1     2     1     1   494     0
   348     2     7     0     5     7     1     3     1     1     1     0     0     1     0     1   468     0
   349     2     7     0     5     7     1     3     1     1     1     0     1     1     0     0   678     0
   350     2     7     0     5     7     1     3     0     0     0     1     0     1     1     1   549     0
   351     1     2     2     4     6     8     2     0     1     1     0     1     3     0     1   375     0
   352     1     4     1     8     2     4     6     1     1     1     0     1     2     1     0   999     1
   353     2     6     2     3     5     7     1     1     0     0     1     0     3     0     1   567     0
   354     1     1     2     2     4     6     8     0     0     0     1     0     3     1     0   898     0
   355     1     3     1     6     8     2     4     0     0     1     1     1     2     0     0   819     0
   356     1     4     1     8     2     4     6     1     0     1     0     0     2     1     0  1137     0
   357     1     1     2     2     4     6     8     1     0     0     0     1     2     0     0   465     0
   358     1     3     1     6     8     2     4     1     1     0     1     0     2     0     1   522     0
   359     1     1     2     2     4     6     8     0     1     1     0     1     2     1     0   827     0
   360     2     8     1     7     1     3     5     1     1     1     0     1     3     1     0  1375     1
   361     2     6     2     3     5     7     1     1     1     0     0     1     2     0     0   571     0
   362     2     6     2     3     5     7     1     0     1     1     0     1     1     1     0   573     0
   363     2     6     2     3     5     7     1     1     0     1     0     0     1     1     1   464     0
   364     2     6     2     3     5     7     1     1     1     1     1     0     1     0     1   586     0
   365     2     7     0     5     7     1     3     0     1     1     1     0     2     1     0   889     0
   366     2     7     0     5     7     1     3     1     0     0     0     1     1     1     1   485     1
   367     1     2     2     4     6     8     2     1     0     0     1     0     3     0     0   733     1
   368     1     2     2     4     6     8     2     0     0     1     1     0     1     1     0   631     0
   369     1     3     1     6     8     2     4     0     0     1     0     1     2     0     0  1133     0
   370     1     3     1     6     8     2     4     1     1     0     0     1     1     1     1   865     0
   371     2     6     2     3     5     7     1     1     0     1     1     1     3     0     1   478     0
   372     2     6     2     3     5     7     1     0     1     1     1     1     1     1     1   618     0
   373     1     3     1     6     8     2     4     0     1     1     1     1     3     0     0   814     0
   374     1     3     1     6     8     2     4     0     0     1     1     0     1     0     1   693     0
   375     1     2     2     4     6     8     2     0     0     1     0     1     2     0     0   664     0
   376     1     2     2     4     6     8     2     0     0     0     0     0     1     0     0   448     0
   377     1     4     1     8     2     4     6     0     0     1     1     0     2     0     0   556     0
   378     1     2     2     4     6     8     2     1     0     1     1     1     2     1     0   700     1
   379     1     1     2     2     4     6     8     1     1     0     0     1     2     0     1   565     1
   380     1     2     2     4     6     8     2     1     1     0     0     0     2     0     0   848     0
   381     2     8     1     7     1     3     5     0     1     1     0     0     3     1     0  1118     1
   382     2     5     0     1     3     5     7     0     1     0     0     1     2     0     0   714     0
   383     2     5     0     1     3     5     7     1     0     0     1     1     1     1     1  1055     0
   384     2     5     0     1     3     5     7     1     0     1     0     0     1     0     0   537     0
   385     1     1     2     2     4     6     8     0     1     0     0     1     3     1     1   542     0
   386     1     3     1     6     8     2     4     0     1     1     0     0     2     0     0   716     0
   387     1     2     2     4     6     8     2     0     0     0     1     0     2     0     1   557     0
   388     1     4     1     8     2     4     6     1     0     1     0     0     2     1     0   668     0
   389     2     7     0     5     7     1     3     1     0     0     0     1     3     0     0   825     0
   390     1     4     1     8     2     4     6     0     1     0     0     1     3     1     1   684     0
   391     2     8     1     7     1     3     5     1     0     1     0     1     3     1     1   656     0
   392     2     8     1     7     1     3     5     1     0     1     1     0     1     0     0   502     0
   393     1     1     2     2     4     6     8     1     0     0     1     1     3     0     0   598     0
   394     1     1     2     2     4     6     8     1     1     1     1     1     1     0     1   685     0
   395     1     3     1     6     8     2     4     0     1     0     1     1     2     1     0   755     0
   396     1     2     2     4     6     8     2     1     0     1     1     1     2     1     1   774     0
   397     2     7     0     5     7     1     3     1     0     1     0     1     3     0     0   519     0
   398     2     7     0     5     7     1     3     0     1     1     1     1     1     1     1   565     0
   399     1     2     2     4     6     8     2     1     1     1     0     0     3     1     0   750     0
   400     1     3     1     6     8     2     4     0     1     1     1     0     2     1     0   765     0
   401     2     7     0     5     7     1     3     0     0     1     0     0     3     0     1   549     0
   402     2     8     1     7     1     3     5     0     0     0     0     1     2     0     0  1097     0
   403     2     8     1     7     1     3     5     1     1     0     0     0     1     1     1   944     0
   404     1     1     2     2     4     6     8     0     1     1     0     0     3     1     0   800     0
   405     2     5     0     1     3     5     7     1     1     0     0     1     3     1     0   704     0
   406     2     5     0     1     3     5     7     1     0     1     1     1     1     0     1   635     0
   407     1     2     2     4     6     8     2     1     0     1     1     1     3     0     0   772     0
   408     2     5     0     1     3     5     7     0     0     0     0     1     3     1     0   620     0
   409     2     5     0     1     3     5     7     1     0     0     1     1     1     1     0   561     0
   410     2     5     0     1     3     5     7     1     0     1     0     0     1     0     0   593     0
   411     2     8     1     7     1     3     5     0     1     0     0     0     2     1     1   912     0
   412     2     8     1     7     1     3     5     1     0     0     1     0     1     1     1   570     0
   413     1     4     1     8     2     4     6     1     1     1     0     1     3     0     1   458     0
   414     1     1     2     2     4     6     8     0     0     1     1     0     2     1     1   759     0
   415     2     6     2     3     5     7     1     0     1     0     0     0     3     0     1   804     0
   416     2     7     0     5     7     1     3     0     1     1     1     0     2     0     0   822     0
   417     1     3     1     6     8     2     4     0     1     1     1     1     3     0     0   609     0
   418     1     3     1     6     8     2     4     0     0     1     1     1     1     0     1   715     0
   419     2     8     1     7     1     3     5     1     1     1     1     0     3     1     1  1057     0
   420     2     8     1     7     1     3     5     0     0     1     0     0     1     1     1   980     0
   421     1     1     2     2     4     6     8     1     0     0     1     0     3     1     0  1073     0
   422     1     1     2     2     4     6     8     0     1     0     0     1     1     1     1   649     0
   423     2     5     0     1     3     5     7     0     1     0     0     1     3     0     0   574     0
   424     2     7     0     5     7     1     3     0     0     1     0     1     2     0     1   804     0
   425     2     5     0     1     3     5     7     1     0     0     1     1     2     1     0   953     0
   426     2     7     0     5     7     1     3     1     0     0     1     0     2     0     0   941     0
   427     1     4     1     8     2     4     6     1     0     0     0     1     3     0     0   580     0
   428     1     3     1     6     8     2     4     1     0     0     1     1     2     0     0  1215     0
   429     2     6     2     3     5     7     1     1     0     1     0     0     3     0     0   605     0
   430     2     6     2     3     5     7     1     0     1     0     0     1     1     1     1   748     0
   431     2     6     2     3     5     7     1     1     1     1     1     0     1     1     0   651     0
   432     2     6     2     3     5     7     1     0     0     1     1     1     1     1     1   646     0
   433     2     8     1     7     1     3     5     1     0     0     1     1     2     1     0   830     0
   434     2     6     2     3     5     7     1     1     1     1     0     1     2     0     1   667     0
   435     1     4     1     8     2     4     6     0     0     0     0     0     3     1     1   687     0
   436     1     4     1     8     2     4     6     0     1     1     1     0     1     0     1   680     0
   437     2     6     2     3     5     7     1     0     1     0     0     0     3     0     0   515     0
   438     2     6     2     3     5     7     1     0     1     0     0     0     1     0     0   387     0
   439     1     3     1     6     8     2     4     1     0     0     0     1     3     1     1   858     0
   440     1     2     2     4     6     8     2     1     0     1     0     0     2     0     0   576     0
   441     1     2     2     4     6     8     2     0     1     0     0     0     1     1     1   568     0
   442     1     2     2     4     6     8     2     1     1     0     1     1     1     1     0   875     0
   443     1     1     2     2     4     6     8     1     1     0     1     1     2     0     0   646     0
   444     1     2     2     4     6     8     2     1     0     0     1     0     2     0     1   570     0
   445     2     7     0     5     7     1     3     0     1     0     1     1     3     1     1   955     0
   446     2     7     0     5     7     1     3     0     0     1     0     0     1     0     1   929     0
   447     2     8     1     7     1     3     5     0     1     0     0     1     2     0     1  1029     0
   448     2     8     1     7     1     3     5     1     0     1     0     1     1     1     1   608     1
   449     1     4     1     8     2     4     6     1     1     1     0     1     3     0     1   720     0
   450     1     3     1     6     8     2     4     1     0     0     0     0     2     0     1   560     0
   451     2     5     0     1     3     5     7     0     1     0     1     0     3     1     1   751     0
   452     1     2     2     4     6     8     2     1     0     0     1     0     3     1     1   668     0
   453     1     2     2     4     6     8     2     0     1     0     1     0     1     1     1   589     0
   454     2     7     0     5     7     1     3     1     0     0     0     1     3     1     1   667     0
   455     1     3     1     6     8     2     4     0     0     0     0     1     3     1     0   871     0
   456     1     1     2     2     4     6     8     1     1     0     0     0     2     1     1   732     0
   457     1     1     2     2     4     6     8     1     0     1     1     1     1     0     1   521     0
   458     1     1     2     2     4     6     8     0     1     1     0     0     1     1     1   613     0
   459     1     4     1     8     2     4     6     0     0     1     0     0     2     0     1   706     0
   460     1     4     1     8     2     4     6     0     1     0     0     0     1     0     1   682     0
   461     2     5     0     1     3     5     7     1     1     0     1     1     3     1     0   535     0
   462     2     6     2     3     5     7     1     0     1     0     1     1     2     1     0   632     0
   463     1     4     1     8     2     4     6     1     0     0     0     0     3     1     1   549     0
   464     1     4     1     8     2     4     6     1     0     1     0     1     1     0     0   829     0
   465     1     1     2     2     4     6     8     1     0     1     0     0     2     0     0   470     0
   466     1     2     2     4     6     8     2     1     1     1     0     1     2     0     1   584     0
   467     2     8     1     7     1     3     5     1     1     1     1     0     3     0     0   725     0
   468     2     8     1     7     1     3     5     0     1     1     1     1     1     1     0   710     0
   469     2     5     0     1     3     5     7     1     0     0     0     0     2     1     1   612     0
   470     2     5     0     1     3     5     7     0     1     0     0     0     1     1     1   626     0
   471     1     1     2     2     4     6     8     1     1     0     1     0     3     1     0   667     0
   472     1     1     2     2     4     6     8     1     1     1     1     1     1     0     0   422     0
   473     2     7     0     5     7     1     3     1     1     0     0     1     3     0     0   606     1
   474     2     7     0     5     7     1     3     0     1     0     0     1     1     1     0   657     0
   475     1     3     1     6     8     2     4     1     0     0     1     1     3     1     1   931     0
   476     1     4     1     8     2     4     6     0     0     1     0     0     2     1     0  1055     0
   477     2     5     0     1     3     5     7     0     1     1     0     0     3     0     1   523     0
   478     2     5     0     1     3     5     7     0     1     1     1     1     1     0     0   400     0
   479     1     1     2     2     4     6     8     1     0     1     0     1     3     1     1  1457     0
   480     1     1     2     2     4     6     8     0     1     0     1     0     1     1     1  1019     0
   481     2     6     2     3     5     7     1     1     0     1     1     1     3     1     1   750     0
   482     2     6     2     3     5     7     1     0     1     1     1     0     1     1     1   732     0
   483     2     7     0     5     7     1     3     1     0     1     1     1     2     1     1   977     0
   484     2     7     0     5     7     1     3     1     0     1     0     1     1     0     0   588     0
   485     2     5     0     1     3     5     7     0     1     1     1     0     2     1     1   632     0
   486     1     4     1     8     2     4     6     0     0     1     0     0     3     0     1   531     0
   487     1     1     2     2     4     6     8     0     0     0     1     0     2     0     0   574     0
   488     1     1     2     2     4     6     8     0     0     1     0     0     1     0     0   506     0
   489     2     6     2     3     5     7     1     1     1     0     0     1     3     1     1   868     0
   490     2     6     2     3     5     7     1     0     1     1     1     0     1     1     0   743     0
   491     1     3     1     6     8     2     4     0     0     0     1     1     3     0     1   543     0
   492     2     8     1     7     1     3     5     0     0     0     1     1     3     0     0   778     0
   493     2     6     2     3     5     7     1     1     1     0     1     1     2     1     1   501     0
   494     2     6     2     3     5     7     1     1     0     1     1     0     1     0     1   534     1
   495     2     6     2     3     5     7     1     0     0     1     0     1     1     1     0   551     0
   496     2     6     2     3     5     7     1     1     1     0     1     1     1     1     1   567     0
   497     1     4     1     8     2     4     6     0     0     1     0     0     3     1     1   735     0
   498     1     4     1     8     2     4     6     1     0     0     1     1     1     1     0   611     0
   499     1     2     2     4     6     8     2     1     1     1     0     1     2     0     1   558     0
   500     1     2     2     4     6     8     2     0     1     0     0     0     1     1     0   599     0
   501     2     8     1     7     1     3     5     1     1     1     0     1     3     1     0   613     1
   502     2     8     1     7     1     3     5     1     0     0     1     1     1     0     1   577     0
   503     2     8     1     7     1     3     5     0     1     0     1     1     1     1     1   886     0
   504     2     8     1     7     1     3     5     0     1     1     1     1     1     0     0   602     0
   505     2     6     2     3     5     7     1     1     1     0     0     1     2     1     0   721     0
   506     2     6     2     3     5     7     1     1     1     1     1     0     1     0     0   499     0
   507     1     4     1     8     2     4     6     1     0     0     0     0     3     0     1   509     0
   508     1     4     1     8     2     4     6     0     0     1     1     1     1     1     0   596     0
   509     2     8     1     7     1     3     5     1     0     1     1     1     3     1     0   747     0
   510     2     6     2     3     5     7     1     1     0     1     0     1     2     0     0   542     0
   511     2     8     1     7     1     3     5     0     0     1     0     1     2     1     0   630     0
   512     2     5     0     1     3     5     7     1     1     0     1     0     2     1     1   918     0
   513     2     7     0     5     7     1     3     1     0     0     0     1     2     0     1   862     0
   514     2     8     1     7     1     3     5     1     1     0     0     1     2     0     1   765     0
   515     1     3     1     6     8     2     4     1     1     0     0     0     3     0     0   630     0
   516     1     3     1     6     8     2     4     0     0     1     0     1     1     1     1   764     0
   517     1     2     2     4     6     8     2     0     1     0     0     1     2     0     1   781     0
   518     1     2     2     4     6     8     2     0     1     1     0     1     1     0     0  1080     0
   519     1     2     2     4     6     8     2     1     0     1     0     0     1     1     1   524     0
   520     2     5     0     1     3     5     7     1     1     0     1     1     3     0     1   612     0
   521     2     8     1     7     1     3     5     0     0     0     1     1     2     1     1   559     0
   522     2     7     0     5     7     1     3     1     0     1     0     0     2     1     0   795     0
   523     1     2     2     4     6     8     2     1     1     1     0     1     3     0     1   713     1
   524     1     2     2     4     6     8     2     1     0     1     0     0     1     0     1   476     0
   525     1     3     1     6     8     2     4     1     0     0     1     0     2     0     0   485     0
   526     1     4     1     8     2     4     6     0     1     1     1     0     2     1     1   905     0
   527     1     3     1     6     8     2     4     1     0     1     1     1     2     1     1   915     0
   528     1     3     1     6     8     2     4     1     1     1     1     0     1     0     1   602     0
   529     2     5     0     1     3     5     7     0     0     1     1     1     3     1     1   780     0
   530     2     5     0     1     3     5     7     1     1     0     1     1     1     1     1   484     0
   531     1     4     1     8     2     4     6     1     0     1     1     1     3     0     1   565     0
   532     1     4     1     8     2     4     6     1     0     1     0     1     1     0     0   638     0
   533     1     3     1     6     8     2     4     0     0     1     1     1     2     1     0   480     1
   534     1     3     1     6     8     2     4     1     1     1     1     0     1     1     1   754     1
   535     2     8     1     7     1     3     5     1     0     1     0     1     3     0     1   552     0
   536     2     5     0     1     3     5     7     0     1     1     0     0     2     1     1   658     0
   537     1     2     2     4     6     8     2     0     0     1     0     0     3     0     1  1247     0
   538     1     2     2     4     6     8     2     0     0     0     0     0     1     0     0   496     0
   539     2     8     1     7     1     3     5     0     1     1     0     1     3     0     1   563     0
   540     2     8     1     7     1     3     5     1     1     1     1     1     1     1     0   469     0
   541     2     6     2     3     5     7     1     1     1     0     0     0     2     0     0   601     1
   542     2     6     2     3     5     7     1     1     1     1     1     0     1     0     0   651     0
   543     2     8     1     7     1     3     5     0     0     1     0     1     2     1     1   679     0
   544     2     7     0     5     7     1     3     1     0     0     1     1     2     1     0   731     0
   545     1     1     2     2     4     6     8     0     0     1     1     1     3     1     0   785     0
   546     1     1     2     2     4     6     8     0     1     1     1     0     1     0     1   513     0
   547     1     1     2     2     4     6     8     0     1     0     0     0     1     0     0   977     0
   548     1     1     2     2     4     6     8     0     0     0     1     0     1     0     1   515     0
   549     2     7     0     5     7     1     3     0     0     1     0     0     3     0     0   508     0
   550     2     5     0     1     3     5     7     1     0     1     1     0     2     1     0  1225     0
   551     1     1     2     2     4     6     8     0     1     0     1     0     3     1     1   513     0
   552     1     1     2     2     4     6     8     1     1     1     1     1     1     1     0   679     0
   553     2     6     2     3     5     7     1     0     1     0     1     1     3     1     0   705     0
   554     2     6     2     3     5     7     1     1     1     1     1     1     1     1     0   827     0
   555     2     7     0     5     7     1     3     1     0     1     0     1     2     0     1   766     0
   556     2     7     0     5     7     1     3     0     1     1     0     1     1     1     1   693     0
   557     2     7     0     5     7     1     3     1     0     1     0     1     1     1     1   487     0
   558     1     4     1     8     2     4     6     1     1     0     1     1     3     0     1   711     1
   559     1     2     2     4     6     8     2     0     0     0     0     0     2     1     1   568     1
   560     1     3     1     6     8     2     4     1     1     0     1     0     2     1     1   745     0
   561     1     3     1     6     8     2     4     0     1     1     1     1     1     1     0   703     0
   562     2     6     2     3     5     7     1     1     0     1     1     1     3     1     1   755     0
   563     2     8     1     7     1     3     5     0     0     1     0     1     2     1     0   813     0
   564     2     8     1     7     1     3     5     0     0     0     0     0     1     0     0   379     0
   565     2     6     2     3     5     7     1     0     0     1     1     0     2     0     0   483     0
   566     2     5     0     1     3     5     7     1     0     1     1     1     2     1     0   846     0
   567     1     2     2     4     6     8     2     1     1     0     0     1     3     0     1   618     0
   568     1     3     1     6     8     2     4     0     1     0     0     0     2     1     0   676     0
   569     1     4     1     8     2     4     6     0     0     0     0     1     2     0     1   745     0
   570     1     3     1     6     8     2     4     1     0     1     1     0     2     1     0   742     0
   571     2     6     2     3     5     7     1     1     1     1     1     0     3     0     1   428     0
   572     2     6     2     3     5     7     1     0     1     0     1     1     1     1     0   584     0
   573     1     4     1     8     2     4     6     0     1     1     1     0     3     0     0   494     0
   574     2     7     0     5     7     1     3     0     1     0     1     1     3     0     0   883     0
   575     1     3     1     6     8     2     4     0     1     1     0     0     3     0     0   661     0
   576     2     6     2     3     5     7     1     0     0     1     0     1     3     0     1   562     0
   577     1     1     2     2     4     6     8     0     0     1     0     1     3     0     0  1422     0
   578     1     1     2     2     4     6     8     0     0     1     1     0     1     0     0   662     0
   579     1     1     2     2     4     6     8     1     1     1     1     0     1     1     1   672     0
   580     1     2     2     4     6     8     2     0     1     0     1     1     2     1     0   677     0
   581     2     5     0     1     3     5     7     0     0     0     1     0     3     0     1   510     0
   582     2     6     2     3     5     7     1     1     0     1     0     0     2     1     0   688     0
   583     1     2     2     4     6     8     2     1     0     0     0     0     3     0     0   566     0
   584     1     3     1     6     8     2     4     0     1     1     1     1     2     1     1   530     0
   585     1     4     1     8     2     4     6     1     0     1     1     1     2     1     1   429     1
   586     2     7     0     5     7     1     3     0     1     1     0     0     3     1     1   626     0
   587     2     7     0     5     7     1     3     0     0     0     1     0     1     0     1   508     1
   588     1     2     2     4     6     8     2     1     1     0     0     1     3     1     1  1150     1
   589     2     8     1     7     1     3     5     1     1     1     0     1     3     0     0   576     0
   590     2     8     1     7     1     3     5     0     1     1     0     1     1     1     0  1129     1
   591     1     4     1     8     2     4     6     1     1     1     0     0     3     1     0   596     0
   592     1     4     1     8     2     4     6     1     1     0     0     1     1     0     0   514     0
   593     2     7     0     5     7     1     3     0     0     0     0     1     3     1     1   597     0
   594     2     6     2     3     5     7     1     0     0     1     1     1     2     0     0  1056     0
   595     1     4     1     8     2     4     6     0     1     0     0     0     3     0     1   502     0
   596     1     3     1     6     8     2     4     1     0     0     1     0     2     1     1   552     0
   597     2     7     0     5     7     1     3     1     0     0     0     0     3     0     0   674     0
   598     1     2     2     4     6     8     2     0     0     0     1     1     3     1     0   819     0
   599     1     4     1     8     2     4     6     1     0     0     1     0     2     1     0   596     0
   600     1     1     2     2     4     6     8     1     0     1     0     0     2     0     0   605     0
   601     1     4     1     8     2     4     6     1     0     0     1     0     2     0     0   496     0
   602     1     4     1     8     2     4     6     1     0     1     0     1     1     0     0   426     0
   603     1     3     1     6     8     2     4     0     0     1     1     0     2     1     0   722     0
   604     1     3     1     6     8     2     4     1     0     0     0     1     1     1     0   460     0
   605     1     1     2     2     4     6     8     0     0     1     1     1     2     1     0   757     0
   606     1     1     2     2     4     6     8     1     1     0     0     0     1     1     1   637     0
   607     1     3     1     6     8     2     4     0     1     1     1     0     2     1     0   665     1
   608     1     3     1     6     8     2     4     0     1     1     1     0     1     0     0   896     0
   609     2     8     1     7     1     3     5     0     1     0     1     1     3     0     0   549     0
   610     1     3     1     6     8     2     4     0     1     0     0     1     3     0     0   561     0
   611     2     6     2     3     5     7     1     0     1     1     1     1     3     0     0   493     0
   612     2     6     2     3     5     7     1     0     1     0     1     0     1     0     0   398     0
   613     2     7     0     5     7     1     3     0     1     0     0     1     2     0     0   523     0
   614     2     5     0     1     3     5     7     1     1     1     1     0     2     1     0   895     0
   615     2     6     2     3     5     7     1     1     0     1     0     1     2     0     1   753     0
   616     2     6     2     3     5     7     1     1     1     1     0     1     1     0     1   699     0
   617     1     2     2     4     6     8     2     1     1     0     0     1     3     0     0   603     0
   618     1     2     2     4     6     8     2     0     1     0     1     1     1     1     0   496     0
   619     1     2     2     4     6     8     2     0     1     1     0     1     1     0     0   426     0
   620     1     1     2     2     4     6     8     0     0     1     1     0     2     0     1   839     0
   621     2     6     2     3     5     7     1     1     1     1     1     0     3     1     1   416     0
   622     1     1     2     2     4     6     8     1     1     1     0     1     3     0     0   564     0
   623     1     2     2     4     6     8     2     1     1     0     0     1     2     0     0  1419     0
   624     1     2     2     4     6     8     2     0     1     0     0     0     1     1     0   575     0
   625     2     5     0     1     3     5     7     0     0     1     1     1     3     0     1   689     0
   626     2     6     2     3     5     7     1     0     1     0     0     1     2     0     1   589     0
   627     1     2     2     4     6     8     2     1     0     1     0     1     3     1     1   925     0
   628     1     4     1     8     2     4     6     0     0     1     0     0     2     1     0   826     0
   629     2     5     0     1     3     5     7     1     0     1     1     0     3     1     0   807     0
   630     2     5     0     1     3     5     7     1     1     0     0     1     1     0     1   640     0
   631     2     6     2     3     5     7     1     0     1     1     0     1     2     1     0   982     0
   632     2     6     2     3     5     7     1     1     0     0     0     0     1     1     1  1379     1
   633     1     4     1     8     2     4     6     0     1     0     1     0     3     1     1   657     0
   634     1     4     1     8     2     4     6     1     0     0     1     0     1     1     1   582     0
   635     1     1     2     2     4     6     8     0     1     1     0     1     2     1     1   637     0
   636     1     2     2     4     6     8     2     1     0     1     0     1     2     1     1  1156     0
   637     2     5     0     1     3     5     7     1     0     1     1     1     3     0     0   690     0
   638     2     5     0     1     3     5     7     1     0     0     1     1     1     0     0   492     0
   639     2     5     0     1     3     5     7     0     0     1     1     0     1     1     0   458     0
   640     2     6     2     3     5     7     1     0     1     1     1     0     2     0     1   828     0
   641     2     6     2     3     5     7     1     0     0     0     1     1     1     0     1   641     0
   642     2     6     2     3     5     7     1     0     1     0     1     0     1     0     1   641     0
   643     1     1     2     2     4     6     8     0     1     0     1     1     3     0     0   619     0
   644     1     1     2     2     4     6     8     0     1     1     1     1     1     0     0   589     0
   645     2     5     0     1     3     5     7     0     1     1     1     0     3     0     0   539     0
   646     2     8     1     7     1     3     5     0     1     0     1     0     2     0     0   712     0
   647     2     8     1     7     1     3     5     0     0     0     0     0     1     0     1   528     0
   648     1     1     2     2     4     6     8     0     1     0     1     1     3     0     1   480     0
   649     1     1     2     2     4     6     8     1     0     1     1     0     1     1     1   727     0
   650     2     8     1     7     1     3     5     0     0     1     0     1     3     1     0   579     0
   651     2     5     0     1     3     5     7     0     1     0     1     1     2     0     1   505     0
   652     2     6     2     3     5     7     1     0     0     1     0     1     2     0     1   543     0
   653     2     6     2     3     5     7     1     1     1     1     0     0     1     1     1   756     0
   654     2     6     2     3     5     7     1     0     0     0     0     0     1     1     1   511     0
   655     1     4     1     8     2     4     6     0     0     1     0     0     3     0     0   725     0
   656     1     4     1     8     2     4     6     0     1     0     0     1     1     0     1   652     0
   657     1     4     1     8     2     4     6     0     1     1     0     0     1     0     0   603     0
   658     1     4     1     8     2     4     6     1     0     0     0     0     1     1     1   944     0
   659     2     5     0     1     3     5     7     0     0     0     0     1     3     1     0   714     0
   660     2     5     0     1     3     5     7     1     1     0     0     0     1     1     1   657     0
   661     1     2     2     4     6     8     2     0     1     1     0     0     3     1     0  1141     0
   662     1     3     1     6     8     2     4     0     1     0     0     1     2     0     0   545     0
   663     1     3     1     6     8     2     4     1     1     0     1     0     1     1     0  1232     0
   664     1     3     1     6     8     2     4     0     1     1     0     1     1     1     0   556     0
   665     1     2     2     4     6     8     2     1     1     1     0     1     2     1     0  1018     0
   666     1     2     2     4     6     8     2     1     1     0     0     0     1     0     0   745     1
   667     1     4     1     8     2     4     6     0     1     0     0     0     2     1     0  1076     0
   668     1     4     1     8     2     4     6     0     1     0     1     0     1     0     0   770     0
   669     1     1     2     2     4     6     8     1     1     0     1     0     2     1     0   864     0
   670     1     1     2     2     4     6     8     0     1     0     0     1     1     1     0   799     0
   671     1     2     2     4     6     8     2     0     0     1     0     0     2     0     1   987     0
   672     1     2     2     4     6     8     2     1     0     1     1     1     1     1     0   701     0
   673     1     2     2     4     6     8     2     0     1     0     1     0     1     1     1   736     0
   674     2     5     0     1     3     5     7     1     0     0     1     0     3     1     1  1066     0
   675     1     3     1     6     8     2     4     0     1     0     1     1     3     1     1   920     0
   676     1     3     1     6     8     2     4     0     0     1     0     1     1     0     1   713     0
   677     2     7     0     5     7     1     3     1     0     0     0     1     3     1     0   539     0
   678     2     7     0     5     7     1     3     0     1     0     0     0     1     1     1   703     0
   679     2     8     1     7     1     3     5     0     1     0     0     0     2     0     0  1055     0
   680     2     5     0     1     3     5     7     1     1     0     1     0     2     1     0  1122     0
   681     1     2     2     4     6     8     2     1     1     1     1     1     3     0     0   694     0
   682     1     1     2     2     4     6     8     1     1     1     1     1     2     0     0   506     0
   683     1     1     2     2     4     6     8     1     1     1     1     1     1     0     0   401     0
   684     1     1     2     2     4     6     8     1     1     1     0     0     1     0     0   437     0
   685     1     4     1     8     2     4     6     1     0     0     1     0     2     0     1   623     0
   686     1     4     1     8     2     4     6     1     1     0     0     0     1     0     1   439     1
   687     2     6     2     3     5     7     1     1     1     0     0     0     3     0     0  1045     0
   688     1     3     1     6     8     2     4     1     1     1     1     0     3     0     0  1147     0
   689     1     3     1     6     8     2     4     0     1     1     1     0     1     1     0   836     0
   690     1     4     1     8     2     4     6     1     0     0     1     1     2     1     1  1029     0
   691     1     2     2     4     6     8     2     1     1     1     0     1     2     0     1   581     0
   692     1     2     2     4     6     8     2     0     1     0     1     0     1     1     0   606     0
   693     2     6     2     3     5     7     1     0     1     0     0     0     3     0     0   724     0
   694     2     6     2     3     5     7     1     1     1     0     0     0     1     1     0   860     0
   695     2     8     1     7     1     3     5     1     1     1     0     0     2     0     0   708     0
   696     2     8     1     7     1     3     5     0     1     1     1     1     1     1     0   559     0
   697     2     6     2     3     5     7     1     0     1     0     0     0     2     0     0   594     0
   698     1     1     2     2     4     6     8     0     1     0     1     1     3     0     0   517     0
   699     1     4     1     8     2     4     6     1     0     0     1     0     2     1     1   855     0
   700     1     4     1     8     2     4     6     0     0     0     1     0     1     1     0   554     0
   701     2     8     1     7     1     3     5     1     0     1     1     0     3     1     0   941     0
   702     2     8     1     7     1     3     5     1     1     0     0     0     1     0     1   767     0
   703     2     5     0     1     3     5     7     0     1     1     0     1     2     1     0   710     0
   704     2     5     0     1     3     5     7     1     0     0     0     1     1     1     1   827     0
   705     2     8     1     7     1     3     5     0     1     0     1     0     2     1     1  1103     0
   706     2     8     1     7     1     3     5     0     1     0     0     1     1     0     0   695     0
   707     2     6     2     3     5     7     1     0     1     1     0     0     2     0     0   731     0
   708     2     8     1     7     1     3     5     1     0     1     1     0     2     1     1   715     0
   709     1     1     2     2     4     6     8     0     0     0     0     0     3     1     0   776     0
   710     1     2     2     4     6     8     2     0     1     1     0     1     2     0     1   811     0
   711     2     7     0     5     7     1     3     0     0     1     1     0     3     0     1   728     0
   712     1     2     2     4     6     8     2     1     1     1     1     0     3     1     1   780     0
   713     1     4     1     8     2     4     6     0     1     1     0     0     2     1     0   972     0
   714     2     5     0     1     3     5     7     1     1     0     1     1     3     1     0   631     0
   715     2     6     2     3     5     7     1     1     1     0     1     0     2     0     0   692     0
   716     2     7     0     5     7     1     3     1     1     1     0     1     2     0     0   621     0
   717     1     3     1     6     8     2     4     1     1     0     0     1     3     0     0   538     0
   718     2     6     2     3     5     7     1     0     1     1     0     0     3     1     0   895     0
   719     2     7     0     5     7     1     3     1     0     1     0     0     2     1     1   764     0
   720     2     7     0     5     7     1     3     0     0     0     0     0     1     1     0   661     0
   721     2     8     1     7     1     3     5     0     1     0     1     0     2     0     1   684     0
   722     2     8     1     7     1     3     5     1     0     1     1     1     1     1     1  1253     0
   723     1     4     1     8     2     4     6     1     1     0     1     0     3     0     1   558     0
   724     2     7     0     5     7     1     3     0     0     1     1     0     3     1     1   578     0
   725     1     2     2     4     6     8     2     0     1     1     1     0     3     0     1   495     0
   726     1     2     2     4     6     8     2     0     0     0     0     1     1     0     1   567     0
   727     1     3     1     6     8     2     4     0     1     0     1     0     2     0     1   689     1
   728     1     3     1     6     8     2     4     0     1     1     1     0     1     0     0   548     0
   729     2     5     0     1     3     5     7     0     0     1     0     1     3     0     1   584     0
   730     2     5     0     1     3     5     7     1     1     0     1     1     1     1     1   917     0
   731     1     3     1     6     8     2     4     0     0     0     0     0     3     1     1   482     0
   732     1     3     1     6     8     2     4     0     1     0     1     1     1     0     1   487     0
   733     1     2     2     4     6     8     2     1     1     1     1     0     2     1     0   801     0
   734     1     2     2     4     6     8     2     1     0     1     1     1     1     0     1   602     0
   735     2     8     1     7     1     3     5     1     1     1     0     0     3     0     1   868     0
   736     1     3     1     6     8     2     4     0     1     1     0     1     3     1     0   569     0
   737     2     7     0     5     7     1     3     0     1     1     1     1     3     0     0   505     0
   738     2     8     1     7     1     3     5     1     1     1     0     1     2     1     0   507     0
   739     1     2     2     4     6     8     2     1     1     1     1     1     3     0     0   385     0
   740     2     7     0     5     7     1     3     0     1     0     1     1     3     1     0   703     0
   741     1     3     1     6     8     2     4     1     1     0     1     1     3     1     0   894     0
   742     1     3     1     6     8     2     4     1     0     0     1     0     1     0     1   571     0
   743     2     8     1     7     1     3     5     1     1     0     0     0     3     0     1   813     0
   744     2     8     1     7     1     3     5     0     0     1     0     1     1     1     1   562     1
   745     2     5     0     1     3     5     7     0     1     0     0     0     2     0     1  1031     0
   746     2     8     1     7     1     3     5     1     0     0     0     1     2     1     1   929     0
   747     2     7     0     5     7     1     3     1     1     1     0     0     2     0     1   661     0
   748     2     8     1     7     1     3     5     1     1     0     1     1     2     0     0   539     0
   749     2     7     0     5     7     1     3     0     0     0     1     1     2     1     1   592     0
   750     2     7     0     5     7     1     3     1     1     0     0     1     1     1     1   661     0
   751     1     1     2     2     4     6     8     1     1     1     0     0     3     0     0   490     0
   752     1     1     2     2     4     6     8     1     1     1     0     1     1     0     0   443     0
   753     1     2     2     4     6     8     2     0     0     1     0     0     2     1     1   767     0
   754     1     2     2     4     6     8     2     1     1     1     0     0     1     1     1   641     0
   755     1     1     2     2     4     6     8     1     0     1     1     0     2     0     1   887     0
   756     2     6     2     3     5     7     1     0     0     0     0     0     3     1     0   623     0
   757     2     8     1     7     1     3     5     0     0     0     1     0     2     0     0   849     0
   758     2     8     1     7     1     3     5     1     0     1     0     0     1     1     0   895     0
   759     2     7     0     5     7     1     3     1     1     1     1     1     2     0     1   538     0
   760     1     4     1     8     2     4     6     0     1     0     1     1     3     1     0  1102     1
   761     1     2     2     4     6     8     2     1     0     1     1     1     2     1     1  1364     0
   762     1     4     1     8     2     4     6     0     0     0     0     1     2     1     0   653     0
   763     2     6     2     3     5     7     1     1     0     0     0     1     3     1     0   978     0
   764     2     8     1     7     1     3     5     0     1     0     0     0     2     1     1   918     0
   765     2     7     0     5     7     1     3     0     0     1     0     0     2     0     1   573     1
   766     2     7     0     5     7     1     3     0     1     1     1     1     1     0     1   529     0
   767     1     3     1     6     8     2     4     1     0     1     0     1     3     1     1   669     0
   768     1     3     1     6     8     2     4     0     1     0     0     0     1     1     1   519     0
   769     1     4     1     8     2     4     6     0     1     0     0     1     2     0     0   638     0
   770     1     4     1     8     2     4     6     1     1     1     0     1     1     1     0   624     0
   771     2     5     0     1     3     5     7     1     1     0     1     1     3     0     0   796     0
   772     2     5     0     1     3     5     7     1     1     0     1     0     1     0     0   492     0
   773     1     3     1     6     8     2     4     1     1     1     1     0     3     0     0   631     0
   774     2     6     2     3     5     7     1     1     1     0     1     1     3     0     0   647     0
   775     2     8     1     7     1     3     5     1     0     1     0     1     2     0     1   615     0
   776     2     8     1     7     1     3     5     0     1     0     0     0     1     1     1   960     0
   777     2     6     2     3     5     7     1     0     0     1     1     1     2     0     1   907     0
   778     2     6     2     3     5     7     1     0     1     1     1     1     1     0     1   590     0
   779     2     6     2     3     5     7     1     1     0     1     0     0     1     1     1   607     0
   780     2     5     0     1     3     5     7     0     1     1     0     0     2     1     1   533     0
   781     1     2     2     4     6     8     2     0     1     1     1     1     3     0     0   613     0
   782     1     2     2     4     6     8     2     0     0     0     0     1     1     0     1   546     0
   783     2     5     0     1     3     5     7     0     1     0     0     1     3     0     1   503     0
   784     2     5     0     1     3     5     7     0     0     0     1     1     1     0     1   656     0
   785     1     3     1     6     8     2     4     0     1     0     1     0     3     0     1   528     0
   786     1     3     1     6     8     2     4     0     1     0     0     0     1     0     0   501     0
   787     2     8     1     7     1     3     5     0     1     1     0     0     3     0     0   408     0
   788     2     8     1     7     1     3     5     0     1     0     1     0     1     0     0   395     0
   789     1     2     2     4     6     8     2     0     0     1     1     0     3     0     1   374     0
   790     1     2     2     4     6     8     2     0     1     0     1     1     1     0     1   366     0
   791     2     5     0     1     3     5     7     1     1     0     1     0     3     1     0   515     1
   792     2     6     2     3     5     7     1     0     0     1     0     0     2     1     1   864     0
   793     1     1     2     2     4     6     8     1     1     1     1     1     3     1     1   502     0
   794     2     6     2     3     5     7     1     0     0     1     1     0     3     1     1   761     0
   795     2     7     0     5     7     1     3     1     0     1     0     1     2     1     0  1066     0
   796     2     7     0     5     7     1     3     1     0     0     1     0     1     0     0   491     0
   797     2     6     2     3     5     7     1     1     1     1     0     1     2     0     1   628     0
   798     1     3     1     6     8     2     4     1     0     0     0     0     3     0     1   514     0
   799     1     1     2     2     4     6     8     1     0     1     0     1     2     0     0   703     0
   800     2     6     2     3     5     7     1     1     1     0     1     1     3     0     1   558     0
   801     1     4     1     8     2     4     6     1     0     0     0     0     3     0     1   440     0
   802     1     4     1     8     2     4     6     1     0     0     1     0     1     0     0   910     0
   803     1     1     2     2     4     6     8     1     0     0     0     1     2     0     0   430     0
   804     2     8     1     7     1     3     5     0     0     0     1     1     3     1     0   725     0
   805     1     3     1     6     8     2     4     0     0     0     1     1     3     0     0   606     0
   806     1     3     1     6     8     2     4     1     1     0     0     1     1     1     1   853     0
   807     2     7     0     5     7     1     3     1     1     0     1     1     3     0     0   596     0
   808     2     7     0     5     7     1     3     0     0     0     0     1     1     1     1   539     0
   809     2     6     2     3     5     7     1     1     0     0     0     1     2     1     0   933     0
   810     2     7     0     5     7     1     3     0     1     1     1     1     2     1     1   551     0
   811     1     3     1     6     8     2     4     1     0     1     1     1     3     1     1   700     0
   812     1     1     2     2     4     6     8     0     1     0     1     0     2     1     1   730     0
   813     1     2     2     4     6     8     2     1     1     0     1     1     2     1     0   462     0
   814     2     7     0     5     7     1     3     0     1     0     0     1     3     1     0   422     1
   815     2     5     0     1     3     5     7     1     0     1     1     0     2     1     1  1010     1
   816     1     4     1     8     2     4     6     0     0     0     1     1     3     1     0   966     0
   817     2     5     0     1     3     5     7     1     1     0     1     0     3     1     1   652     0
   818     2     5     0     1     3     5     7     1     1     1     1     0     1     0     0   475     0
   819     1     4     1     8     2     4     6     1     1     1     0     0     3     0     0   678     0
   820     1     4     1     8     2     4     6     0     0     1     0     0     1     1     1   949     0
   821     2     5     0     1     3     5     7     0     0     1     1     0     3     0     0   632     0
   822     2     5     0     1     3     5     7     1     0     1     0     1     1     1     0   485     0
   823     2     7     0     5     7     1     3     1     1     1     0     0     2     0     1   648     1
   824     2     7     0     5     7     1     3     1     1     0     0     1     1     0     0   660     0
   825     1     3     1     6     8     2     4     0     0     0     0     0     3     1     1   564     0
   826     1     3     1     6     8     2     4     0     0     1     1     0     1     0     0   551     0
   827     2     7     0     5     7     1     3     0     0     1     0     1     3     0     0   387     0
   828     2     7     0     5     7     1     3     1     1     0     1     1     1     1     1   586     0
   829     1     1     2     2     4     6     8     0     1     0     1     1     3     1     0  1020     0
   830     1     1     2     2     4     6     8     0     1     1     1     1     1     0     0   383     0
   831     2     8     1     7     1     3     5     1     1     0     0     0     3     1     0  1313     0
   832     2     8     1     7     1     3     5     0     1     0     0     0     1     1     0   602     0
   833     2     6     2     3     5     7     1     1     1     0     1     0     2     1     0   925     0
   834     2     7     0     5     7     1     3     1     1     1     1     1     2     0     0   563     0
   835     2     6     2     3     5     7     1     1     1     0     0     0     2     0     0   488     0
   836     2     8     1     7     1     3     5     1     1     1     0     1     2     0     0   528     0
   837     1     2     2     4     6     8     2     0     0     0     1     0     3     1     1   796     0
   838     1     2     2     4     6     8     2     0     1     0     0     1     1     0     1   553     0
   839     1     4     1     8     2     4     6     1     1     0     1     0     2     1     0   861     0
   840     2     5     0     1     3     5     7     0     0     1     0     1     3     1     1   760     0
   841     2     5     0     1     3     5     7     0     1     0     0     0     1     0     1   586     0
   842     1     4     1     8     2     4     6     0     1     0     0     1     3     0     0   517     0
   843     2     6     2     3     5     7     1     0     0     1     1     0     3     0     1   560     0
   844     2     6     2     3     5     7     1     1     1     0     1     0     1     1     1   524     0
   845     2     8     1     7     1     3     5     1     1     0     1     1     2     0     0   653     0
   846     2     6     2     3     5     7     1     0     1     1     0     1     2     1     0   740     0
   847     1     4     1     8     2     4     6     1     0     1     0     0     3     1     1   682     0
   848     1     4     1     8     2     4     6     1     1     0     1     1     1     0     1  1328     0
   849     2     8     1     7     1     3     5     1     0     1     1     0     3     0     1   747     0
   850     1     3     1     6     8     2     4     1     1     0     0     1     3     0     1   732     0
   851     2     7     0     5     7     1     3     0     0     1     0     1     3     1     1   855     0
   852     2     6     2     3     5     7     1     1     0     0     1     1     2     1     0  1132     0
   853     1     1     2     2     4     6     8     0     0     1     1     0     3     1     0  1026     0
   854     1     1     2     2     4     6     8     0     1     0     1     0     1     0     1   493     0
   855     2     5     0     1     3     5     7     0     0     0     0     0     3     0     1   492     1
   856     2     5     0     1     3     5     7     0     0     1     1     1     1     0     0   563     1
   857     2     7     0     5     7     1     3     0     0     1     0     1     2     0     0   700     0
   858     1     4     1     8     2     4     6     0     0     0     1     0     3     0     0   453     0
   859     2     8     1     7     1     3     5     1     1     1     1     1     3     1     1  1051     0
   860     2     7     0     5     7     1     3     0     0     0     0     1     2     1     1   414     0
   861     1     1     2     2     4     6     8     1     0     0     0     1     3     1     0   851     0
   862     1     1     2     2     4     6     8     0     1     1     0     1     1     1     1   543     0
   863     1     2     2     4     6     8     2     1     1     0     1     1     2     1     0  1174     0
   864     1     2     2     4     6     8     2     0     1     0     0     0     1     1     0   570     1
   865     1     3     1     6     8     2     4     1     0     1     1     1     2     1     1  1231     0
   866     1     3     1     6     8     2     4     1     1     0     1     0     1     0     1   742     0
   867     1     2     2     4     6     8     2     0     0     0     1     1     2     1     1  1073     0
   868     1     2     2     4     6     8     2     1     1     1     0     0     1     1     1   513     0
   869     2     5     0     1     3     5     7     1     1     1     0     1     3     0     0   641     0
   870     2     5     0     1     3     5     7     0     0     0     0     1     1     1     1   617     0
   871     1     3     1     6     8     2     4     1     0     1     1     1     3     1     0   942     0
   872     1     3     1     6     8     2     4     0     1     1     0     0     1     1     1   889     0
   873     2     5     0     1     3     5     7     0     0     1     1     1     3     0     1   751     0
   874     2     5     0     1     3     5     7     0     0     0     0     1     1     0     0   442     0
   875     2     6     2     3     5     7     1     1     0     0     0     0     2     1     0  1012     0
   876     2     6     2     3     5     7     1     1     1     1     1     0     1     0     1   681     0
   877     1     3     1     6     8     2     4     0     0     0     1     1     3     1     1   596     0
   878     1     3     1     6     8     2     4     1     1     0     1     0     1     1     1   878     0
   879     2     6     2     3     5     7     1     1     0     0     0     0     3     0     1   697     0
   880     2     7     0     5     7     1     3     0     1     1     1     0     2     1     1   783     0
   881     2     8     1     7     1     3     5     1     0     0     1     1     2     1     1  1173     0
   882     1     1     2     2     4     6     8     0     1     1     1     1     3     1     1   471     0
   883     1     1     2     2     4     6     8     0     0     0     1     1     1     0     1   591     0
   884     2     8     1     7     1     3     5     1     1     0     0     0     3     1     1   904     0
   885     1     1     2     2     4     6     8     0     1     0     0     0     3     1     0   688     0
   886     1     1     2     2     4     6     8     1     1     0     1     0     1     1     0   528     0
   887     1     3     1     6     8     2     4     0     1     1     1     0     2     1     0   553     0
   888     1     3     1     6     8     2     4     1     1     1     0     0     1     1     0   438     0
   889     2     7     0     5     7     1     3     0     0     1     0     0     3     1     1   799     0
   890     2     8     1     7     1     3     5     0     1     1     0     1     2     0     1  1005     0
   891     2     7     0     5     7     1     3     0     1     1     1     0     2     0     0   418     0
   892     2     7     0     5     7     1     3     1     1     0     0     0     1     1     0   460     0
   893     2     5     0     1     3     5     7     0     0     1     0     1     2     1     1   600     0
   894     2     5     0     1     3     5     7     0     1     1     0     1     1     0     1   626     0
   895     2     7     0     5     7     1     3     0     1     1     0     0     2     0     0   775     0
   896     2     8     1     7     1     3     5     1     1     1     0     1     2     1     0  1210     0
