     1     1     4     1     8     2     4     6     1     1     1     0     1     0     1     0   677     0
     2     2     7     0     5     7     1     3     1     1     1     0     0     3     0     0   627     0
     3     1     4     1     8     2     4     6     1     0     1     0     1     3     0     1   660     0
     4     1     4     1     8     2     4     6     0     0     0     0     1     1     1     0   679     1
     5     1     1     2     2     4     6     8     1     0     0     0     1     2     1     0  1500     2
     6     1     2     2     4     6     8     2     0     1     1     1     0     2     1     1  1097     1
     7     1     3     1     6     8     2     4     1     0     0     1     0     2     1     1  1498     0
     8     1     3     1     6     8     2     4     0     0     1     1     1     1     1     0   779     0
     9     2     6     2     3     5     7     1     1     0     1     1     1     3     1     0  1427     0
    10     2     6     2     3     5     7     1     0     0     0     0     1     1     1     0   732     0
    11     1     2     2     4     6     8     2     1     0     0     0     0     3     1     0   800     0
    12     1     2     2     4     6     8     2     0     1     1     1     0     1     1     1  1500     2
    13     1     2     2     4     6     8     2     1     0     1     1     1     1     1     1   938     0
    14     2     5     0     1     3     5     7     0     1     1     0     1     3     1     1   573     0
    15     2     7     0     5     7     1     3     1     0     1     1     0     2     1     1   494     0
    16     2     6     2     3     5     7     1     1     1     1     0     0     2     0     1   652     1
    17     1     3     1     6     8     2     4     1     0     1     0     0     3     0     1   830     0
    18     1     3     1     6     8     2     4     0     0     1     1     1     1     1     0   955     0
    19     1     4     1     8     2     4     6     1     0     0     0     1     2     1     0   603     0
    20     1     4     1     8     2     4     6     1     0     0     1     1     1     0     0   439     0
    21     2     5     0     1     3     5     7     1     1     1     1     0     3     0     1   725     0
    22     2     5     0     1     3     5     7     1     0     0     1     0     1     0     1   764     0
    23     2     7     0     5     7     1     3     0     1     1     0     1     2     1     1  1087     0
    24     1     2     2     4     6     8     2     1     0     1     1     1     3     1     1   642     0
    25     1     3     1     6     8     2     4     1     1     1     1     1     2     0     1   530     1
    26     1     3     1     6     8     2     4     1     0     1     1     1     1     0     1   856     0
    27     1     2     2     4     6     8     2     0     0     1     1     0     2     1     0   607     0
    28     1     2     2     4     6     8     2     1     0     0     1     1     1     1     0   543     0
    29     2     8     1     7     1     3     5     1     1     1     0     0     3     0     1   710     0
    30     2     8     1     7     1     3     5     0     0     1     1     1     1     1     1   728     1
    31     1     4     1     8     2     4     6     0     0     1     0     1     3     0     0   751     0
    32     1     4     1     8     2     4     6     0     0     0     0     0     1     0     0   558     0
    33     2     5     0     1     3     5     7     0     0     1     1     1     3     0     0   727     0
    34     2     7     0     5     7     1     3     1     0     0     0     0     2     1     0   530     0
    35     1     3     1     6     8     2     4     0     0     1     1     0     3     1     0   778     0
    36     1     2     2     4     6     8     2     1     0     1     1     1     2     1     0   698     0
    37     2     8     1     7     1     3     5     1     1     1     1     0     3     0     1   544     0
    38     2     8     1     7     1     3     5     0     0     1     1     1     1     1     1   663     0
    39     1     4     1     8     2     4     6     1     0     1     0     0     3     1     0   749     0
    40     2     7     0     5     7     1     3     0     1     1     0     0     3     1     1   824     0
    41     1     2     2     4     6     8     2     0     1     1     1     1     3     0     0   466     0
    42     1     2     2     4     6     8     2     0     0     0     1     0     1     0     1   575     0
    43     2     5     0     1     3     5     7     1     1     1     0     1     3     1     1  1036     0
    44     2     8     1     7     1     3     5     0     1     0     1     1     2     1     0   925     0
    45     1     2     2     4     6     8     2     0     1     1     1     1     3     0     0   511     0
    46     1     2     2     4     6     8     2     1     1     1     0     1     1     1     0   475     0
    47     2     5     0     1     3     5     7     0     1     1     1     1     3     1     0   776     0
    48     2     5     0     1     3     5     7     1     1     1     0     0     1     1     0   568     0
    49     1     2     2     4     6     8     2     0     1     0     1     1     3     1     0   516     0
    50     2     5     0     1     3     5     7     0     0     1     0     0     3     0     1   583     0
    51     2     5     0     1     3     5     7     0     0     1     0     1     1     0     0   731     0
    52     2     5     0     1     3     5     7     0     0     0     1     0     1     0     0   554     1
    53     1     1     2     2     4     6     8     0     1     0     0     1     3     0     1   637     0
    54     1     1     2     2     4     6     8     0     1     1     1     1     1     0     0   479     0
    55     1     1     2     2     4     6     8     1     1     1     0     1     1     1     0   950     0
    56     1     1     2     2     4     6     8     0     1     0     1     1     1     1     0   653     0
    57     2     7     0     5     7     1     3     0     1     1     0     1     3     0     0   418     0
    58     2     7     0     5     7     1     3     1     1     1     1     0     1     1     0   452     0
    59     2     6     2     3     5     7     1     1     0     0     1     0     2     0     1  1281     0
    60     2     6     2     3     5     7     1     1     1     0     0     0     1     0     1   630     1
    61     1     4     1     8     2     4     6     1     0     0     1     0     3     0     1  1335     1
    62     2     5     0     1     3     5     7     0     0     1     1     1     3     1     0  1500     2
    63     2     5     0     1     3     5     7     0     1     1     0     1     1     0     1   542     0
    64     2     5     0     1     3     5     7     0     0     1     1     0     1     0     1   594     0
    65     1     4     1     8     2     4     6     0     0     1     0     0     3     0     0   826     0
    66     1     4     1     8     2     4     6     1     1     0     1     0     1     1     1   903     0
    67     1     2     2     4     6     8     2     1     1     1     1     1     2     0     0   710     0
    68     1     2     2     4     6     8     2     0     1     0     1     1     1     1     0   621     0
    69     2     6     2     3     5     7     1     1     1     0     1     1     3     1     0   575     0
    70     2     6     2     3     5     7     1     1     0     0     1     0     1     0     1   682     0
    71     2     6     2     3     5     7     1     1     0     0     0     1     1     0     0   600     0
    72     2     8     1     7     1     3     5     1     0     1     1     0     2     0     0   665     0
    73     2     5     0     1     3     5     7     1     1     1     1     0     2     0     1   567     0
    74     1     2     2     4     6     8     2     1     1     1     0     0     3     0     0  1390     1
    75     1     2     2     4     6     8     2     1     1     1     1     0     1     0     0  1088     0
    76     1     2     2     4     6     8     2     1     0     1     1     1     1     0     1   563     0
    77     2     8     1     7     1     3     5     1     1     0     1     0     3     0     1   983     0
    78     2     8     1     7     1     3     5     0     0     0     1     0     1     1     1   683     0
    79     1     3     1     6     8     2     4     0     1     1     1     1     3     0     1   441     0
    80     1     3     1     6     8     2     4     1     0     0     1     1     1     1     1   643     0
    81     2     7     0     5     7     1     3     1     1     1     0     1     3     0     1   488     0
    82     2     7     0     5     7     1     3     1     1     1     0     1     1     0     0   598     0
    83     2     5     0     1     3     5     7     1     1     0     1     0     2     0     0   630     0
    84     2     5     0     1     3     5     7     0     0     1     0     0     1     1     1   746     0
    85     2     8     1     7     1     3     5     1     1     0     0     1     2     1     1   545     0
    86     1     1     2     2     4     6     8     1     0     0     1     1     3     0     1   877     0
    87     2     6     2     3     5     7     1     0     0     0     0     1     3     1     0  1500     2
    88     2     7     0     5     7     1     3     1     1     0     0     1     2     1     1   664     0
    89     1     4     1     8     2     4     6     1     1     1     0     1     3     0     0   449     0
    90     1     4     1     8     2     4     6     0     0     1     1     0     1     1     1   618     0
    91     2     7     0     5     7     1     3     0     1     1     1     0     3     0     1   511     0
    92     2     8     1     7     1     3     5     1     0     0     0     1     2     1     1  1026     0
    93     1     4     1     8     2     4     6     1     1     1     0     0     3     0     1   467     0
    94     2     5     0     1     3     5     7     1     1     1     1     1     3     0     0   893     1
    95     2     8     1     7     1     3     5     1     1     0     0     0     2     0     0   690     0
    96     2     7     0     5     7     1     3     1     1     0     0     0     2     0     0  1188     0
    97     1     4     1     8     2     4     6     1     0     1     1     1     3     0     1   735     0
    98     1     3     1     6     8     2     4     0     1     0     0     0     2     1     1  1138     0
    99     1     1     2     2     4     6     8     0     0     0     0     1     2     0     1   544     1
   100     1     1     2     2     4     6     8     1     0     0     0     1     1     1     0  1500     2
   101     2     6     2     3     5     7     1     0     0     1     1     1     3     1     0   960     0
   102     2     6     2     3     5     7     1     1     1     0     1     0     1     1     1   871     0
   103     2     7     0     5     7     1     3     1     0     0     1     0     2     0     1   588     0
   104     2     7     0     5     7     1     3     0     0     0     0     0     1     1     0   969     0
   105     2     5     0     1     3     5     7     0     0     1     1     1     2     0     0   780     0
   106     2     5     0     1     3     5     7     0     1     0     0     0     1     0     1   635     0
   107     2     6     2     3     5     7     1     0     1     0     0     0     2     0     0   689     0
   108     2     6     2     3     5     7     1     1     1     0     1     1     1     1     0   690     0
   109     1     3     1     6     8     2     4     0     1     0     1     1     3     1     0   569     0
   110     1     4     1     8     2     4     6     0     0     1     0     0     2     0     1   680     0
   111     1     1     2     2     4     6     8     0     1     0     0     0     2     0     1   557     0
   112     1     2     2     4     6     8     2     0     1     0     1     1     2     0     0   513     0
   113     1     3     1     6     8     2     4     1     0     0     1     1     2     1     1   779     1
   114     1     3     1     6     8     2     4     1     0     1     1     1     1     0     0  1403     0
   115     2     6     2     3     5     7     1     0     1     0     0     0     3     1     1  1015     0
   116     1     1     2     2     4     6     8     1     0     0     1     0     3     1     1  1256     0
   117     2     8     1     7     1     3     5     1     1     1     0     1     3     0     1   836     0
   118     2     8     1     7     1     3     5     1     0     0     0     1     1     0     1   562     0
   119     2     8     1     7     1     3     5     0     0     1     1     1     1     1     0   690     0
   120     2     5     0     1     3     5     7     1     1     0     0     1     2     1     1   620     1
   121     1     2     2     4     6     8     2     1     1     1     1     0     3     0     0   793     0
   122     1     3     1     6     8     2     4     0     0     1     1     1     2     1     1   873     0
   123     2     8     1     7     1     3     5     0     0     1     1     1     3     0     0   805     0
   124     1     1     2     2     4     6     8     1     1     0     0     0     3     1     1   702     0
   125     1     1     2     2     4     6     8     1     0     1     0     0     1     0     1   928     0
   126     2     8     1     7     1     3     5     0     0     0     0     0     3     1     0   599     0
   127     1     4     1     8     2     4     6     1     1     1     1     1     3     1     1   576     1
   128     1     1     2     2     4     6     8     0     0     1     1     0     2     1     1   794     0
   129     1     3     1     6     8     2     4     0     1     1     0     0     2     0     1   891     0
   130     1     3     1     6     8     2     4     1     1     0     0     1     1     1     0   753     0
   131     1     3     1     6     8     2     4     1     0     0     0     1     1     0     1   840     0
   132     1     3     1     6     8     2     4     0     0     1     0     1     1     1     0  1422     0
   133     2     6     2     3     5     7     1     1     1     0     1     1     3     1     1  1078     0
   134     2     6     2     3     5     7     1     0     1     0     0     1     1     1     0   633     0
   135     2     8     1     7     1     3     5     0     0     1     1     1     2     0     1   605     0
   136     2     8     1     7     1     3     5     1     1     0     1     0     1     1     1   562     0
   137     1     1     2     2     4     6     8     1     1     1     0     1     3     0     0   537     0
   138     1     3     1     6     8     2     4     1     1     0     0     0     2     0     0   644     0
   139     2     8     1     7     1     3     5     0     1     1     0     0     3     1     0   502     0
   140     1     3     1     6     8     2     4     0     1     1     0     1     3     0     0   437     0
   141     1     1     2     2     4     6     8     0     1     1     1     1     2     0     0   458     0
   142     1     4     1     8     2     4     6     0     0     1     0     0     2     0     1   596     0
   143     1     1     2     2     4     6     8     0     1     0     1     1     2     0     1   365     0
   144     2     6     2     3     5     7     1     0     0     1     0     0     3     0     1   417     0
   145     2     5     0     1     3     5     7     0     0     1     1     0     2     0     0   598     0
   146     2     6     2     3     5     7     1     0     1     1     0     0     2     0     1   641     0
   147     2     8     1     7     1     3     5     1     1     0     0     1     2     1     0  1199     1
   148     2     8     1     7     1     3     5     1     0     0     1     0     1     0     1  1390     0
   149     1     1     2     2     4     6     8     0     0     1     1     0     3     1     0   790     1
   150     1     4     1     8     2     4     6     1     0     1     1     1     2     1     0   738     0
   151     2     8     1     7     1     3     5     1     1     1     0     1     3     0     1   861     0
   152     2     8     1     7     1     3     5     0     1     1     1     1     1     1     0   490     0
   153     1     2     2     4     6     8     2     0     1     1     0     0     3     0     0  1236     0
   154     1     2     2     4     6     8     2     0     1     0     1     0     1     0     0   560     0
   155     2     5     0     1     3     5     7     1     0     1     1     1     3     1     1   816     0
   156     2     8     1     7     1     3     5     1     1     1     1     1     2     0     1  1429     0
   157     2     8     1     7     1     3     5     0     0     1     1     1     1     1     1   634     0
   158     2     8     1     7     1     3     5     0     1     1     0     0     1     0     1   743     0
   159     2     7     0     5     7     1     3     1     0     1     1     0     2     1     1   870     0
   160     2     7     0     5     7     1     3     0     0     0     0     1     1     1     0   588     1
   161     1     4     1     8     2     4     6     0     1     1     1     0     3     0     1   991     0
   162     1     4     1     8     2     4     6     1     1     0     0     0     1     1     0   618     0
   163     1     2     2     4     6     8     2     1     0     1     0     1     2     0     1   658     0
   164     1     1     2     2     4     6     8     0     1     1     0     1     2     1     1   807     0
   165     2     8     1     7     1     3     5     1     0     1     0     0     3     1     1  1052     1
   166     2     8     1     7     1     3     5     1     1     1     0     1     1     0     1   880     0
   167     2     6     2     3     5     7     1     1     1     0     0     0     2     0     0   834     0
   168     2     6     2     3     5     7     1     1     1     1     1     1     1     0     0   515     0
   169     1     3     1     6     8     2     4     1     1     1     1     1     3     0     0   570     0
   170     1     3     1     6     8     2     4     0     1     0     1     0     1     1     0   802     0
   171     1     2     2     4     6     8     2     1     1     0     1     0     2     1     0   661     0
   172     1     3     1     6     8     2     4     0     1     1     0     1     2     1     0   518     0
   173     1     1     2     2     4     6     8     1     1     1     0     1     2     1     0   589     0
   174     1     1     2     2     4     6     8     1     0     0     0     0     1     0     1   605     0
   175     2     8     1     7     1     3     5     0     0     0     1     0     3     1     0   597     0
   176     2     5     0     1     3     5     7     1     0     1     0     0     2     1     0   530     0
   177     1     2     2     4     6     8     2     1     1     1     1     1     3     0     1  1082     0
   178     1     2     2     4     6     8     2     0     1     0     0     0     1     1     0   608     0
   179     2     8     1     7     1     3     5     0     0     1     1     1     3     0     1   662     0
   180     2     7     0     5     7     1     3     0     1     0     0     0     2     0     1  1352     0
   181     2     7     0     5     7     1     3     1     0     0     1     1     1     1     1   591     0
   182     2     7     0     5     7     1     3     1     1     0     1     1     1     0     1   748     0
   183     2     7     0     5     7     1     3     1     1     1     1     1     1     0     0   516     0
   184     1     4     1     8     2     4     6     1     0     0     0     0     3     0     1   781     0
   185     2     6     2     3     5     7     1     1     1     1     0     0     3     0     1   577     0
   186     2     6     2     3     5     7     1     0     1     1     0     0     1     1     0   869     0
   187     2     6     2     3     5     7     1     1     1     1     1     0     1     1     0   498     0
   188     2     6     2     3     5     7     1     0     0     1     1     0     1     1     1   640     0
   189     1     4     1     8     2     4     6     1     1     1     1     1     3     1     1   653     0
   190     1     4     1     8     2     4     6     1     0     0     0     1     1     0     1   659     1
   191     1     2     2     4     6     8     2     1     1     1     0     0     2     0     1   772     0
   192     1     2     2     4     6     8     2     1     0     0     0     0     1     0     1   468     1
   193     1     2     2     4     6     8     2     1     0     0     0     0     1     0     0   881     0
   194     2     5     0     1     3     5     7     0     0     1     0     1     3     1     0  1055     0
   195     2     7     0     5     7     1     3     0     1     0     0     1     2     0     1   556     0
   196     2     7     0     5     7     1     3     0     0     1     1     0     1     0     1   700     0
   197     1     3     1     6     8     2     4     1     1     1     1     0     3     1     1   880     0
   198     1     3     1     6     8     2     4     1     0     1     1     0     1     0     1  1190     0
   199     1     4     1     8     2     4     6     0     0     0     1     1     2     1     0  1437     0
   200     1     2     2     4     6     8     2     0     1     0     1     1     2     0     1   565     0
   201     1     3     1     6     8     2     4     1     0     1     1     0     2     1     1   716     0
   202     1     3     1     6     8     2     4     0     0     0     0     0     1     1     0   511     0
   203     1     2     2     4     6     8     2     1     1     0     1     0     2     1     1   919     0
   204     1     4     1     8     2     4     6     1     0     1     1     1     2     0     1   860     0
   205     1     4     1     8     2     4     6     1     1     0     1     0     1     0     1   774     0
   206     1     2     2     4     6     8     2     1     0     0     1     0     2     0     1   842     0
   207     1     3     1     6     8     2     4     0     0     0     1     1     2     1     0   795     0
   208     1     2     2     4     6     8     2     0     0     1     1     0     2     0     0   686     0
   209     1     2     2     4     6     8     2     1     1     0     0     0     1     1     1   845     0
   210     1     2     2     4     6     8     2     0     1     1     0     0     1     1     0   487     0
   211     2     7     0     5     7     1     3     0     0     0     1     0     3     0     1   997     0
   212     2     7     0     5     7     1     3     1     0     0     1     0     1     1     0   805     0
   213     2     6     2     3     5     7     1     0     1     0     0     1     2     1     1   789     0
   214     1     3     1     6     8     2     4     0     1     0     1     0     3     0     0  1265     0
   215     1     2     2     4     6     8     2     0     0     0     0     1     2     0     1  1047     0
   216     1     4     1     8     2     4     6     1     1     0     1     1     2     1     1  1148     0
   217     2     8     1     7     1     3     5     0     0     1     0     1     3     1     1   592     0
   218     2     8     1     7     1     3     5     0     1     0     0     0     1     0     1   556     0
   219     1     1     2     2     4     6     8     0     0     0     1     0     3     0     1   797     0
   220     1     2     2     4     6     8     2     1     1     0     0     1     2     1     1  1053     0
   221     2     6     2     3     5     7     1     1     0     0     0     1     3     0     1   606     0
   222     2     6     2     3     5     7     1     1     1     1     1     0     1     0     1   695     0
   223     2     7     0     5     7     1     3     0     0     0     1     1     2     1     1   864     0
   224     2     6     2     3     5     7     1     1     0     1     0     1     2     1     0   886     0
   225     1     1     2     2     4     6     8     0     1     0     1     1     3     1     1   793     0
   226     1     1     2     2     4     6     8     0     0     0     0     0     1     0     1   663     0
   227     1     4     1     8     2     4     6     1     1     1     0     0     2     1     1  1032     0
   228     1     4     1     8     2     4     6     0     0     1     1     0     1     1     1   789     0
   229     2     5     0     1     3     5     7     0     1     0     0     0     3     0     1   589     0
   230     2     5     0     1     3     5     7     0     0     0     1     1     1     0     1   578     0
   231     1     4     1     8     2     4     6     1     0     0     1     1     3     1     0   826     0
   232     2     7     0     5     7     1     3     0     1     1     1     1     3     1     1   703     0
   233     1     4     1     8     2     4     6     0     0     1     0     1     3     0     1   573     1
   234     2     5     0     1     3     5     7     1     1     0     1     1     3     1     1   697     0
   235     2     6     2     3     5     7     1     0     0     0     0     1     2     1     1  1227     0
   236     2     5     0     1     3     5     7     0     0     0     1     1     2     0     0   576     0
   237     1     1     2     2     4     6     8     1     1     1     1     0     3     1     1   852     0
   238     1     1     2     2     4     6     8     0     0     0     1     1     1     1     1   760     0
   239     2     8     1     7     1     3     5     0     0     0     1     0     3     0     0  1115     0
   240     2     8     1     7     1     3     5     1     1     1     0     1     1     1     1   575     0
   241     1     3     1     6     8     2     4     1     0     1     0     0     3     0     1   563     0
   242     1     3     1     6     8     2     4     1     1     0     1     1     1     0     1   747     0
   243     1     2     2     4     6     8     2     1     0     0     1     0     2     0     1   666     0
   244     1     4     1     8     2     4     6     1     1     0     0     1     2     0     1  1172     0
   245     1     3     1     6     8     2     4     0     0     0     0     0     2     1     1   459     0
   246     1     2     2     4     6     8     2     0     1     1     1     0     2     0     1   646     0
   247     2     6     2     3     5     7     1     0     0     0     1     1     3     0     1   703     0
   248     2     6     2     3     5     7     1     0     0     0     1     0     1     0     0   670     0
   249     2     7     0     5     7     1     3     0     1     0     1     0     2     0     1   672     0
   250     2     8     1     7     1     3     5     1     1     0     0     1     2     1     0  1429     1
   251     2     7     0     5     7     1     3     0     1     0     1     0     2     1     0  1283     1
   252     2     7     0     5     7     1     3     0     1     1     0     0     1     0     0   421     0
   253     2     7     0     5     7     1     3     1     1     0     0     0     1     1     0   678     0
   254     2     7     0     5     7     1     3     0     0     0     1     0     1     1     1   689     0
   255     1     2     2     4     6     8     2     1     1     1     0     0     3     1     1   631     0
   256     2     7     0     5     7     1     3     1     1     1     0     1     3     0     0   472     0
   257     2     6     2     3     5     7     1     1     0     1     0     0     2     0     1   518     1
   258     2     6     2     3     5     7     1     1     1     0     0     1     1     0     1   549     0
   259     1     1     2     2     4     6     8     1     0     1     1     1     3     0     1   648     0
   260     1     1     2     2     4     6     8     1     0     1     1     1     1     0     0   508     0
   261     1     3     1     6     8     2     4     1     0     0     1     1     2     0     0   991     0
   262     2     6     2     3     5     7     1     0     0     1     0     0     3     1     0  1067     0
   263     2     6     2     3     5     7     1     0     1     1     0     0     1     0     1   576     0
   264     1     3     1     6     8     2     4     0     0     0     0     0     3     0     1   596     0
   265     2     8     1     7     1     3     5     1     0     1     0     1     3     1     0   757     0
   266     2     6     2     3     5     7     1     0     0     1     0     1     2     1     0   604     0
   267     2     7     0     5     7     1     3     1     1     1     1     0     2     1     1   745     0
   268     2     7     0     5     7     1     3     0     0     1     0     1     1     1     1   656     0
   269     1     4     1     8     2     4     6     1     0     0     1     0     3     1     0   718     0
   270     1     4     1     8     2     4     6     0     0     1     0     0     1     1     0   541     0
   271     2     6     2     3     5     7     1     0     1     1     1     1     3     0     1   656     0
   272     2     8     1     7     1     3     5     0     0     1     1     0     2     0     1   602     0
   273     2     6     2     3     5     7     1     0     1     1     0     1     2     0     1   707     0
   274     2     8     1     7     1     3     5     1     1     1     0     1     2     1     0  1030     1
   275     2     6     2     3     5     7     1     1     1     0     1     0     2     0     0   570     0
   276     1     1     2     2     4     6     8     1     0     0     0     1     3     0     1   591     0
   277     2     6     2     3     5     7     1     0     0     0     1     1     3     1     0   659     0
   278     1     3     1     6     8     2     4     1     1     0     0     1     3     1     1  1105     0
   279     1     2     2     4     6     8     2     1     1     0     1     0     2     0     0   547     0
   280     1     2     2     4     6     8     2     1     0     1     0     0     1     0     1   734     0
   281     2     8     1     7     1     3     5     1     0     0     1     0     3     0     0   932     0
   282     2     8     1     7     1     3     5     1     1     1     1     0     1     0     1   605     0
   283     1     3     1     6     8     2     4     1     0     0     0     0     3     0     1   530     0
   284     1     3     1     6     8     2     4     0     0     0     1     1     1     1     0   899     0
   285     2     8     1     7     1     3     5     1     0     1     1     0     3     1     0   757     0
   286     1     1     2     2     4     6     8     0     1     1     0     0     3     1     1   852     0
   287     1     4     1     8     2     4     6     0     1     1     0     0     2     0     0   526     0
   288     1     4     1     8     2     4     6     0     1     1     1     1     1     0     0   428     0
   289     1     2     2     4     6     8     2     1     1     1     0     1     2     1     0   973     0
   290     1     3     1     6     8     2     4     0     1     0     1     1     2     1     0   689     0
   291     2     8     1     7     1     3     5     0     1     1     1     0     3     0     0   506     0
   292     2     8     1     7     1     3     5     0     0     0     1     0     1     0     1   617     0
   293     2     7     0     5     7     1     3     0     0     1     1     0     2     0     0   783     0
   294     2     7     0     5     7     1     3     1     0     0     1     1     1     1     0  1011     0
   295     2     6     2     3     5     7     1     1     0     0     0     1     2     0     0   659     0
   296     1     1     2     2     4     6     8     0     1     0     0     0     3     1     1   708     0
   297     1     4     1     8     2     4     6     0     0     0     0     0     2     0     1   522     0
   298     1     1     2     2     4     6     8     0     1     0     0     0     2     0     1   653     0
   299     2     7     0     5     7     1     3     1     0     0     1     1     3     1     1   855     1
   300     2     6     2     3     5     7     1     0     1     1     1     1     2     1     1   548     0
   301     2     7     0     5     7     1     3     0     1     1     1     1     2     0     0   436     0
   302     2     7     0     5     7     1     3     0     0     1     1     1     1     0     1   418     1
   303     1     4     1     8     2     4     6     0     1     0     0     0     3     0     1   529     0
   304     1     4     1     8     2     4     6     1     0     0     1     1     1     1     1  1172     0
   305     2     5     0     1     3     5     7     1     1     0     0     1     3     0     1   516     0
   306     2     6     2     3     5     7     1     0     1     1     0     0     2     1     0  1239     0
   307     2     6     2     3     5     7     1     0     0     0     1     0     1     0     1   556     0
   308     2     7     0     5     7     1     3     1     0     1     1     0     2     1     0   703     1
   309     2     5     0     1     3     5     7     0     1     0     1     1     2     1     1   897     0
   310     2     7     0     5     7     1     3     0     1     0     1     0     2     0     0   939     0
   311     2     8     1     7     1     3     5     1     0     1     1     0     2     1     1  1003     1
   312     1     3     1     6     8     2     4     0     1     0     1     0     3     1     1   579     0
   313     1     3     1     6     8     2     4     0     1     0     0     0     1     0     0   769     0
   314     1     3     1     6     8     2     4     0     1     0     0     1     1     0     0   510     0
   315     2     5     0     1     3     5     7     1     1     0     1     1     3     1     0  1194     0
   316     2     5     0     1     3     5     7     0     0     1     0     0     1     1     1  1073     0
   317     2     5     0     1     3     5     7     0     0     1     0     0     1     0     0   506     0
   318     2     6     2     3     5     7     1     1     0     0     0     0     2     1     0   722     0
   319     1     3     1     6     8     2     4     0     1     0     1     1     3     1     1   812     0
   320     1     3     1     6     8     2     4     1     1     1     1     1     1     1     0   953     0
   321     1     4     1     8     2     4     6     0     0     0     0     1     2     1     1  1417     1
   322     1     1     2     2     4     6     8     0     0     0     1     1     2     0     0  1307     0
   323     2     5     0     1     3     5     7     0     1     0     1     0     3     0     1   508     0
   324     2     5     0     1     3     5     7     0     0     0     1     0     1     0     1   535     0
   325     2     7     0     5     7     1     3     0     0     1     1     0     2     0     0   783     0
   326     2     8     1     7     1     3     5     1     0     1     1     0     2     1     0  1071     0
   327     1     3     1     6     8     2     4     1     0     0     0     1     3     0     0   612     0
   328     1     4     1     8     2     4     6     0     1     1     1     0     2     1     1   612     0
   329     2     6     2     3     5     7     1     1     0     0     1     1     3     1     1  1082     0
   330     2     6     2     3     5     7     1     0     1     1     1     1     1     1     1   636     0
   331     1     1     2     2     4     6     8     0     1     1     0     1     3     0     0   601     0
   332     1     3     1     6     8     2     4     0     0     1     1     1     2     0     1   701     0
   333     1     2     2     4     6     8     2     1     0     0     1     0     2     1     0   947     0
   334     1     2     2     4     6     8     2     1     0     1     0     0     1     0     0   714     0
   335     1     3     1     6     8     2     4     1     1     1     1     1     2     0     1   582     0
   336     1     3     1     6     8     2     4     1     0     1     1     0     1     0     1   973     0
   337     1     1     2     2     4     6     8     1     0     0     1     1     2     0     0   746     0
   338     1     1     2     2     4     6     8     0     1     0     0     1     1     1     1   649     0
   339     1     3     1     6     8     2     4     0     1     1     0     1     2     0     0   618     1
   340     1     4     1     8     2     4     6     1     1     1     0     1     2     1     0  1131     0
   341     1     3     1     6     8     2     4     1     1     0     1     1     2     0     0   644     0
   342     2     6     2     3     5     7     1     1     1     1     1     0     3     0     0   607     0
   343     1     2     2     4     6     8     2     1     0     0     1     0     3     0     1   583     0
   344     2     7     0     5     7     1     3     0     0     0     0     0     3     1     0   651     0
   345     2     8     1     7     1     3     5     0     0     0     1     1     2     0     0  1033     0
   346     2     5     0     1     3     5     7     0     0     0     0     0     2     0     0   578     0
   347     2     7     0     5     7     1     3     1     1     1     0     0     2     1     1   874     0
   348     2     7     0     5     7     1     3     0     0     1     1     1     1     1     1   727     0
   349     2     6     2     3     5     7     1     0     1     0     0     0     2     0     1   794     0
   350     2     5     0     1     3     5     7     1     1     1     1     0     2     1     0  1500     2
   351     2     8     1     7     1     3     5     1     1     1     1     0     2     0     0   638     0
   352     2     8     1     7     1     3     5     1     1     1     0     0     1     0     0   436     0
   353     1     2     2     4     6     8     2     1     0     0     0     0     3     0     1   630     0
   354     1     3     1     6     8     2     4     1     0     0     0     1     2     0     0   651     0
   355     2     7     0     5     7     1     3     1     0     1     1     1     3     0     0   546     0
   356     2     7     0     5     7     1     3     1     0     1     1     1     1     0     0   441     0
   357     1     1     2     2     4     6     8     0     0     0     1     1     3     1     0  1350     0
   358     1     1     2     2     4     6     8     0     0     0     1     1     1     0     0   588     0
   359     1     2     2     4     6     8     2     0     1     1     0     0     2     0     1   592     0
   360     1     2     2     4     6     8     2     0     1     0     1     0     1     0     0   381     0
   361     1     2     2     4     6     8     2     0     0     0     1     0     1     0     1   606     0
   362     1     2     2     4     6     8     2     0     1     1     0     1     1     0     1   743     0
   363     2     5     0     1     3     5     7     1     0     1     0     0     3     1     1  1182     0
   364     2     5     0     1     3     5     7     0     0     0     0     1     1     1     0   590     0
   365     2     5     0     1     3     5     7     0     1     1     0     0     1     0     1   635     0
   366     1     2     2     4     6     8     2     1     1     1     0     1     3     1     0  1120     0
   367     1     2     2     4     6     8     2     1     0     0     1     0     1     0     1  1186     0
   368     1     2     2     4     6     8     2     0     0     0     1     0     1     1     0   565     0
   369     1     4     1     8     2     4     6     1     0     0     0     0     2     1     0   584     1
   370     1     4     1     8     2     4     6     0     0     0     0     0     1     1     0   660     0
   371     1     4     1     8     2     4     6     1     0     0     0     0     1     1     0   370     0
   372     1     4     1     8     2     4     6     0     0     0     1     1     1     1     0  1350     0
   373     2     5     0     1     3     5     7     1     0     0     0     1     3     1     0  1126     0
   374     2     5     0     1     3     5     7     0     1     1     1     0     1     1     1   541     0
   375     1     3     1     6     8     2     4     1     1     0     1     1     3     1     0   601     0
   376     1     3     1     6     8     2     4     0     1     1     1     1     1     1     0   485     0
   377     1     4     1     8     2     4     6     1     1     1     1     0     2     1     0   572     0
   378     1     4     1     8     2     4     6     0     0     1     1     1     1     1     1  1065     1
   379     2     7     0     5     7     1     3     1     0     0     1     1     3     1     0  1094     1
   380     2     6     2     3     5     7     1     1     0     1     1     0     2     0     0   939     0
   381     2     5     0     1     3     5     7     0     1     0     0     1     2     1     1   702     0
   382     1     4     1     8     2     4     6     0     1     0     0     0     3     0     0   641     0
   383     2     5     0     1     3     5     7     0     0     1     1     1     3     0     1   595     0
   384     2     5     0     1     3     5     7     0     0     0     0     1     1     0     0   803     0
   385     1     2     2     4     6     8     2     1     0     1     1     1     3     1     0   899     1
   386     1     3     1     6     8     2     4     1     0     1     0     1     2     0     0   780     0
   387     2     5     0     1     3     5     7     1     1     0     1     1     3     0     1   676     0
   388     2     6     2     3     5     7     1     1     0     0     1     0     2     0     1   521     0
   389     1     1     2     2     4     6     8     1     0     0     0     0     3     0     0   556     0
   390     1     2     2     4     6     8     2     0     0     0     1     1     2     1     0  1453     1
   391     2     6     2     3     5     7     1     1     0     0     0     0     3     1     0   672     0
   392     1     1     2     2     4     6     8     1     0     1     0     1     3     0     0  1258     0
   393     1     3     1     6     8     2     4     0     1     1     1     1     2     1     1   773     0
   394     1     4     1     8     2     4     6     0     1     1     0     0     2     0     0  1322     0
   395     1     3     1     6     8     2     4     0     1     0     1     0     2     0     0   633     0
   396     2     6     2     3     5     7     1     1     0     1     1     0     3     1     1   630     0
   397     1     1     2     2     4     6     8     1     1     1     1     0     3     0     1   899     0
   398     1     1     2     2     4     6     8     0     1     0     0     1     1     1     0  1458     0
   399     1     2     2     4     6     8     2     1     1     0     0     0     2     1     0  1298     0
   400     1     4     1     8     2     4     6     1     1     1     1     0     2     0     0   545     0
   401     2     7     0     5     7     1     3     0     0     1     1     0     3     1     1   883     0
   402     2     8     1     7     1     3     5     1     1     1     1     1     2     1     1   908     0
   403     2     8     1     7     1     3     5     1     0     0     1     1     1     0     1   651     0
   404     2     7     0     5     7     1     3     1     1     1     1     0     2     0     1   590     0
   405     2     8     1     7     1     3     5     1     0     1     1     1     2     0     1   650     0
   406     2     8     1     7     1     3     5     0     1     1     0     0     1     1     1   632     0
   407     1     1     2     2     4     6     8     0     0     0     1     1     3     0     1   709     0
   408     1     1     2     2     4     6     8     0     1     1     0     1     1     0     1   831     0
   409     1     1     2     2     4     6     8     1     1     1     0     1     1     1     0  1363     0
   410     1     4     1     8     2     4     6     1     1     0     0     1     2     0     0   479     0
   411     2     5     0     1     3     5     7     1     0     0     1     0     3     0     1   873     0
   412     2     8     1     7     1     3     5     0     1     1     0     1     2     1     1   634     0
   413     2     7     0     5     7     1     3     0     1     1     0     1     2     0     0   696     0
   414     1     4     1     8     2     4     6     0     0     1     0     0     3     0     1   786     0
   415     1     1     2     2     4     6     8     1     1     1     1     0     2     1     1   746     0
   416     2     8     1     7     1     3     5     0     1     0     1     0     3     1     0   657     0
   417     1     1     2     2     4     6     8     1     0     0     0     0     3     1     1   392     0
   418     2     6     2     3     5     7     1     0     0     0     1     1     3     1     0   681     1
   419     2     7     0     5     7     1     3     1     1     0     0     0     2     1     1   631     1
   420     2     8     1     7     1     3     5     1     1     1     1     0     2     0     0   975     0
   421     1     1     2     2     4     6     8     0     1     1     1     1     3     1     0   919     0
   422     1     1     2     2     4     6     8     0     0     0     0     1     1     0     1   566     0
   423     1     4     1     8     2     4     6     0     1     0     0     1     2     0     1   569     0
   424     1     4     1     8     2     4     6     0     1     0     0     0     1     0     0   421     0
   425     2     7     0     5     7     1     3     1     0     1     0     1     3     1     1  1106     0
   426     2     8     1     7     1     3     5     0     0     1     0     0     2     1     0   856     0
   427     2     7     0     5     7     1     3     1     0     0     0     1     2     1     0   986     0
   428     2     7     0     5     7     1     3     0     1     0     0     1     1     1     1   570     0
   429     1     3     1     6     8     2     4     1     0     1     0     1     3     1     1   750     0
   430     2     6     2     3     5     7     1     1     1     1     1     1     3     0     1   561     0
   431     1     1     2     2     4     6     8     1     0     0     0     1     3     0     1   528     0
   432     1     1     2     2     4     6     8     1     1     0     0     0     1     0     1   783     1
   433     2     8     1     7     1     3     5     0     0     1     1     1     3     1     1  1007     0
   434     2     8     1     7     1     3     5     1     0     0     1     0     1     1     0  1168     0
   435     1     4     1     8     2     4     6     1     0     0     0     0     3     0     0   571     0
   436     1     4     1     8     2     4     6     1     0     1     0     1     1     0     0   546     0
   437     1     1     2     2     4     6     8     1     0     0     0     1     2     0     0   646     0
   438     1     1     2     2     4     6     8     1     1     0     1     0     1     0     1   636     0
   439     1     2     2     4     6     8     2     1     0     1     0     0     2     0     1  1078     0
   440     1     2     2     4     6     8     2     1     1     0     1     1     1     0     1   475     0
   441     1     4     1     8     2     4     6     1     1     0     1     1     2     0     0  1025     0
   442     1     1     2     2     4     6     8     1     0     0     1     0     2     0     1   807     0
   443     1     1     2     2     4     6     8     1     0     0     0     1     1     0     0   571     0
   444     2     6     2     3     5     7     1     1     0     1     1     1     3     0     0   559     0
   445     2     8     1     7     1     3     5     1     0     0     1     1     2     0     0   675     1
   446     2     8     1     7     1     3     5     1     0     1     1     1     1     0     0   553     0
   447     1     3     1     6     8     2     4     1     0     0     1     0     3     0     0   473     0
   448     1     1     2     2     4     6     8     0     0     0     1     0     2     1     0   959     0
   449     2     5     0     1     3     5     7     0     0     1     1     0     3     0     0  1279     0
   450     2     5     0     1     3     5     7     1     1     1     0     0     1     1     1  1019     0
   451     2     8     1     7     1     3     5     0     0     1     0     0     2     1     1  1012     0
   452     2     8     1     7     1     3     5     0     1     1     1     1     1     0     1   697     0
   453     2     8     1     7     1     3     5     0     0     1     0     1     1     0     1   555     0
   454     2     7     0     5     7     1     3     1     0     0     1     0     2     1     0   775     0
   455     2     6     2     3     5     7     1     0     0     0     1     1     2     1     0   799     0
   456     2     7     0     5     7     1     3     1     0     0     1     0     2     1     0   418     0
   457     2     8     1     7     1     3     5     1     0     0     0     1     2     0     0   575     0
   458     2     8     1     7     1     3     5     0     0     0     1     1     1     1     0   483     0
   459     1     1     2     2     4     6     8     0     1     0     1     1     3     0     1   656     0
   460     1     1     2     2     4     6     8     0     0     1     1     1     1     0     1   613     0
   461     1     3     1     6     8     2     4     0     0     1     0     1     2     0     0   678     0
   462     1     3     1     6     8     2     4     0     0     0     0     0     1     0     0   392     0
   463     2     5     0     1     3     5     7     0     1     0     1     0     3     0     1   507     0
   464     2     6     2     3     5     7     1     1     0     0     1     1     2     1     1   866     0
   465     2     6     2     3     5     7     1     0     0     1     0     0     1     1     0   577     0
   466     2     6     2     3     5     7     1     0     0     1     0     0     1     0     0   421     0
   467     1     1     2     2     4     6     8     1     1     1     0     1     3     1     1  1330     0
   468     1     1     2     2     4     6     8     0     1     0     1     0     1     1     0   580     1
   469     1     2     2     4     6     8     2     0     1     1     1     1     2     0     0   679     0
   470     1     3     1     6     8     2     4     1     1     1     0     0     2     1     0   816     0
   471     1     4     1     8     2     4     6     0     1     1     0     1     2     1     0   553     0
   472     1     4     1     8     2     4     6     0     0     1     1     0     1     0     1   553     0
   473     1     1     2     2     4     6     8     1     1     1     1     0     2     1     1  1356     0
   474     1     1     2     2     4     6     8     0     1     0     0     0     1     1     0  1067     0
   475     2     7     0     5     7     1     3     1     1     0     0     0     3     1     0   992     0
   476     1     4     1     8     2     4     6     1     1     1     0     1     3     0     0   484     0
   477     1     2     2     4     6     8     2     0     0     1     1     0     2     1     1   671     0
   478     1     2     2     4     6     8     2     0     1     1     0     1     1     0     1   957     0
   479     2     7     0     5     7     1     3     1     0     1     0     1     3     1     1   581     0
   480     2     7     0     5     7     1     3     1     0     0     1     0     1     0     0   821     0
   481     2     7     0     5     7     1     3     0     0     0     1     0     1     1     0   622     0
   482     1     2     2     4     6     8     2     0     0     1     1     0     3     0     0   434     0
   483     2     5     0     1     3     5     7     0     0     0     0     1     3     0     0   764     1
   484     2     5     0     1     3     5     7     1     1     0     0     0     1     1     1  1387     0
   485     1     4     1     8     2     4     6     0     1     1     0     0     3     1     0   859     0
   486     1     3     1     6     8     2     4     0     0     0     1     0     2     0     1   593     0
   487     2     5     0     1     3     5     7     1     0     1     0     1     3     1     0   701     0
   488     2     5     0     1     3     5     7     1     0     1     1     1     1     0     0  1328     0
   489     2     8     1     7     1     3     5     0     0     1     0     1     2     1     0  1230     0
   490     2     5     0     1     3     5     7     0     1     1     0     1     2     0     1   619     0
   491     1     1     2     2     4     6     8     1     0     1     0     0     3     1     1   788     0
   492     1     1     2     2     4     6     8     1     0     0     0     0     1     0     0   504     0
   493     2     6     2     3     5     7     1     1     0     0     0     1     3     0     0   830     0
   494     1     3     1     6     8     2     4     1     0     0     0     1     3     0     0   735     0
   495     2     8     1     7     1     3     5     0     1     1     1     0     3     1     1   869     0
   496     2     5     0     1     3     5     7     1     1     0     0     0     2     1     0   587     1
   497     1     3     1     6     8     2     4     1     1     1     1     1     3     0     0  1386     0
   498     1     2     2     4     6     8     2     0     1     1     1     0     2     1     0   757     0
   499     2     8     1     7     1     3     5     1     1     0     1     0     3     1     0   580     0
   500     2     5     0     1     3     5     7     0     0     0     0     0     2     1     1   829     0
   501     1     1     2     2     4     6     8     1     1     1     1     0     3     1     1   746     0
   502     1     2     2     4     6     8     2     1     1     0     0     0     2     0     0   573     0
   503     1     1     2     2     4     6     8     1     0     1     1     0     2     0     1   794     0
   504     1     1     2     2     4     6     8     1     1     1     0     0     1     0     1  1042     0
   505     1     1     2     2     4     6     8     0     1     1     0     0     1     1     0   763     0
   506     1     1     2     2     4     6     8     0     0     0     0     0     1     0     1   559     0
   507     1     4     1     8     2     4     6     1     1     1     0     1     2     1     1   971     0
   508     1     4     1     8     2     4     6     1     0     1     0     1     1     0     1   691     0
   509     1     3     1     6     8     2     4     0     1     1     1     0     2     1     1   914     0
   510     1     4     1     8     2     4     6     0     1     0     1     0     2     0     0   613     0
   511     1     1     2     2     4     6     8     0     0     1     0     1     2     0     1   586     0
   512     1     1     2     2     4     6     8     1     1     0     1     0     1     1     1   698     0
   513     2     8     1     7     1     3     5     0     1     1     0     1     3     1     0   612     0
   514     2     8     1     7     1     3     5     1     1     1     1     1     1     1     0   672     0
   515     2     5     0     1     3     5     7     0     0     1     0     1     2     1     1   755     0
   516     2     7     0     5     7     1     3     0     1     0     0     0     2     0     1   698     0
   517     1     3     1     6     8     2     4     0     0     1     0     1     3     0     1   744     0
   518     2     8     1     7     1     3     5     1     1     0     1     1     3     1     1  1116     0
   519     2     6     2     3     5     7     1     0     1     0     1     0     2     1     0   634     0
   520     2     6     2     3     5     7     1     1     0     0     1     1     1     1     1   548     0
   521     2     5     0     1     3     5     7     0     1     1     1     0     2     1     1   656     0
   522     2     8     1     7     1     3     5     0     1     0     0     0     2     0     0  1217     0
   523     2     5     0     1     3     5     7     0     1     0     0     0     2     0     0   702     0
   524     2     5     0     1     3     5     7     1     1     0     1     0     1     1     0  1500     2
   525     1     1     2     2     4     6     8     1     1     0     0     1     3     0     0  1005     0
   526     1     1     2     2     4     6     8     0     1     0     0     1     1     1     0   734     0
   527     1     4     1     8     2     4     6     0     1     1     0     1     2     0     0   553     0
   528     1     2     2     4     6     8     2     1     1     1     0     1     2     1     0  1377     0
   529     2     6     2     3     5     7     1     0     1     1     1     1     3     1     0   461     0
   530     2     6     2     3     5     7     1     1     1     1     1     0     1     1     0   476     0
   531     2     8     1     7     1     3     5     0     1     1     1     0     2     1     0   594     0
   532     2     8     1     7     1     3     5     1     0     0     0     0     1     1     1   668     0
   533     2     8     1     7     1     3     5     1     0     0     1     1     1     0     0   517     0
   534     2     8     1     7     1     3     5     1     0     0     1     1     1     0     0   395     0
   535     2     6     2     3     5     7     1     1     1     1     0     0     2     0     1   372     0
   536     2     6     2     3     5     7     1     0     0     1     1     0     1     1     1   545     0
   537     1     2     2     4     6     8     2     1     0     0     1     0     3     1     0   693     0
   538     1     2     2     4     6     8     2     0     1     0     0     1     1     1     1   819     0
   539     2     8     1     7     1     3     5     1     1     0     0     0     3     1     0  1464     0
   540     2     5     0     1     3     5     7     1     1     0     1     0     2     0     0   634     0
   541     1     1     2     2     4     6     8     0     1     1     0     1     3     1     0   610     0
   542     1     1     2     2     4     6     8     1     0     0     0     0     1     1     1   560     0
   543     2     7     0     5     7     1     3     1     0     0     1     0     3     0     0   484     0
   544     2     7     0     5     7     1     3     1     0     1     0     0     1     0     0   375     0
   545     2     7     0     5     7     1     3     0     1     0     1     0     1     1     1   480     1
   546     2     7     0     5     7     1     3     1     0     1     1     0     1     1     1   569     0
   547     2     8     1     7     1     3     5     0     1     1     0     1     2     1     1   705     0
   548     2     8     1     7     1     3     5     0     1     0     1     1     1     0     0   500     0
   549     2     8     1     7     1     3     5     1     1     1     0     1     1     1     0   491     0
   550     2     8     1     7     1     3     5     0     1     1     0     1     1     1     0   497     0
   551     2     6     2     3     5     7     1     1     1     0     0     0     2     1     0   543     1
   552     2     6     2     3     5     7     1     1     1     1     1     0     1     0     0   429     0
   553     1     2     2     4     6     8     2     0     0     0     1     0     3     1     1   846     0
   554     1     2     2     4     6     8     2     1     0     0     1     0     1     1     0   391     0
   555     2     6     2     3     5     7     1     0     0     0     1     0     3     1     0   723     0
   556     2     6     2     3     5     7     1     0     0     1     1     0     1     0     0   326     0
   557     1     3     1     6     8     2     4     0     0     1     1     1     3     0     0   734     0
   558     1     3     1     6     8     2     4     0     0     1     0     1     1     0     0   404     0
   559     2     6     2     3     5     7     1     0     1     0     0     1     3     0     1  1181     0
   560     2     6     2     3     5     7     1     1     0     0     1     1     1     1     1   681     0
   561     1     2     2     4     6     8     2     0     0     1     0     1     3     1     0   621     0
   562     1     1     2     2     4     6     8     0     0     0     0     0     2     0     0   527     0
   563     1     4     1     8     2     4     6     0     0     1     0     1     2     0     0   451     0
   564     2     7     0     5     7     1     3     1     0     0     1     0     3     1     0   623     0
   565     2     6     2     3     5     7     1     1     1     0     0     0     2     0     1   404     1
   566     2     6     2     3     5     7     1     0     0     0     1     1     1     1     1   459     0
   567     2     5     0     1     3     5     7     1     1     1     0     1     2     1     1   705     0
   568     2     5     0     1     3     5     7     1     0     0     0     1     1     0     1   488     0
   569     1     2     2     4     6     8     2     1     0     1     1     1     3     0     0   551     0
   570     2     7     0     5     7     1     3     0     0     1     1     1     3     1     0   867     0
   571     2     5     0     1     3     5     7     0     0     0     0     0     2     0     0   480     0
   572     2     5     0     1     3     5     7     1     0     1     0     1     1     1     0   443     0
   573     2     5     0     1     3     5     7     0     0     1     0     0     1     1     0   468     0
   574     2     5     0     1     3     5     7     1     0     1     1     0     1     1     0   465     0
   575     1     2     2     4     6     8     2     0     0     1     0     0     3     1     0   427     0
   576     1     2     2     4     6     8     2     0     1     1     1     1     1     0     1   625     0
   577     1     2     2     4     6     8     2     1     0     1     1     1     1     1     1   571     0
   578     1     2     2     4     6     8     2     1     1     1     1     0     1     0     1   531     1
   579     1     4     1     8     2     4     6     0     0     1     1     1     2     1     1  1315     0
   580     1     3     1     6     8     2     4     1     0     0     1     1     2     1     0   649     0
   581     1     4     1     8     2     4     6     0     0     1     1     0     2     1     0   654     0
   582     1     1     2     2     4     6     8     0     0     1     1     1     2     0     0   767     0
   583     1     2     2     4     6     8     2     1     0     0     1     0     2     1     0   691     0
   584     1     2     2     4     6     8     2     0     0     0     0     0     1     1     0   537     0
   585     2     5     0     1     3     5     7     0     0     1     1     1     3     0     0   720     0
   586     2     5     0     1     3     5     7     0     0     0     0     1     1     0     0   519     0
   587     2     8     1     7     1     3     5     1     1     1     0     0     2     1     1  1500     2
   588     2     8     1     7     1     3     5     0     0     1     0     1     1     1     1   434     0
   589     1     1     2     2     4     6     8     0     1     1     0     0     3     0     1   512     0
   590     1     1     2     2     4     6     8     0     0     1     1     0     1     0     1   515     1
   591     1     4     1     8     2     4     6     1     0     0     0     1     2     1     0   754     0
   592     1     4     1     8     2     4     6     1     0     1     1     1     1     0     0   551     0
   593     1     2     2     4     6     8     2     1     1     1     1     0     2     0     1   429     1
   594     1     1     2     2     4     6     8     0     0     0     1     0     2     1     1  1129     0
   595     1     2     2     4     6     8     2     1     0     0     1     0     2     1     0   843     0
   596     1     3     1     6     8     2     4     0     0     0     1     1     2     1     0   628     0
   597     2     5     0     1     3     5     7     0     0     1     1     0     3     0     0   805     0
   598     1     2     2     4     6     8     2     0     1     0     1     0     3     0     1   630     0
   599     2     5     0     1     3     5     7     1     1     0     1     0     3     1     0   794     0
   600     2     5     0     1     3     5     7     1     1     1     0     1     1     0     0   454     0
   601     1     1     2     2     4     6     8     1     1     0     0     1     3     0     0   717     0
   602     1     3     1     6     8     2     4     0     1     0     0     0     2     1     0   828     0
   603     1     3     1     6     8     2     4     0     0     0     1     1     1     0     1   592     0
   604     2     8     1     7     1     3     5     0     0     0     1     0     3     0     0   632     0
   605     2     6     2     3     5     7     1     1     1     1     0     1     2     1     1   765     0
   606     2     6     2     3     5     7     1     1     0     0     0     0     1     0     1  1217     0
   607     1     2     2     4     6     8     2     0     1     0     0     0     3     1     1   550     0
   608     2     7     0     5     7     1     3     0     1     1     0     0     3     0     0   625     0
   609     1     1     2     2     4     6     8     1     1     0     0     1     3     1     0   594     1
   610     1     1     2     2     4     6     8     1     0     0     1     1     1     0     1   994     0
   611     1     2     2     4     6     8     2     0     0     1     1     0     2     1     0   789     0
   612     1     2     2     4     6     8     2     1     1     0     0     1     1     1     1   730     0
   613     1     2     2     4     6     8     2     0     1     1     0     1     1     1     0   665     0
   614     1     2     2     4     6     8     2     0     0     0     0     0     1     0     1  1123     0
   615     2     7     0     5     7     1     3     0     1     1     1     0     3     0     1   758     0
   616     2     7     0     5     7     1     3     0     0     0     1     1     1     0     1   585     0
   617     1     3     1     6     8     2     4     1     0     0     0     0     3     1     0  1077     0
   618     1     3     1     6     8     2     4     1     1     0     0     1     1     0     1   534     0
   619     1     3     1     6     8     2     4     0     0     1     1     1     1     1     1   829     0
   620     1     3     1     6     8     2     4     1     0     1     1     0     1     1     0   587     0
   621     2     5     0     1     3     5     7     1     0     0     1     1     3     0     0  1184     0
   622     2     5     0     1     3     5     7     0     1     0     0     1     1     1     1   556     0
   623     1     1     2     2     4     6     8     1     1     1     1     0     3     1     0   712     1
   624     1     1     2     2     4     6     8     1     0     0     0     1     1     0     1   602     0
   625     2     5     0     1     3     5     7     0     0     1     1     1     3     1     0   726     0
   626     2     5     0     1     3     5     7     1     0     1     0     1     1     1     0   609     0
   627     2     8     1     7     1     3     5     1     1     1     0     1     2     0     1   626     1
   628     2     8     1     7     1     3     5     0     1     0     0     0     1     1     0  1173     0
   629     2     7     0     5     7     1     3     1     1     1     0     1     2     1     0   685     0
   630     2     5     0     1     3     5     7     1     1     1     0     0     2     0     0   972     0
   631     1     4     1     8     2     4     6     0     1     1     1     1     3     1     0   556     0
   632     2     5     0     1     3     5     7     0     0     1     1     1     3     0     1   596     0
   633     1     1     2     2     4     6     8     0     0     1     1     0     3     0     0   797     0
   634     1     1     2     2     4     6     8     1     0     1     1     1     1     1     0   698     0
   635     1     1     2     2     4     6     8     0     1     1     0     1     1     1     1   625     0
   636     1     3     1     6     8     2     4     1     0     1     1     0     2     1     1   929     0
   637     1     1     2     2     4     6     8     0     1     1     0     1     2     1     1   552     0
   638     2     6     2     3     5     7     1     1     1     0     0     0     3     1     0   757     0
   639     1     1     2     2     4     6     8     1     0     0     1     1     3     0     1   609     0
   640     2     8     1     7     1     3     5     0     1     1     1     1     3     1     1  1398     0
   641     1     4     1     8     2     4     6     1     1     1     1     1     3     1     0  1038     0
   642     1     4     1     8     2     4     6     1     0     1     1     1     1     0     1   718     0
   643     2     8     1     7     1     3     5     1     1     0     0     1     3     0     1   566     0
   644     2     8     1     7     1     3     5     0     0     1     0     0     1     1     1   797     1
   645     1     4     1     8     2     4     6     0     0     1     1     0     3     0     0  1345     0
   646     1     4     1     8     2     4     6     0     1     1     0     0     1     0     1   515     0
   647     2     5     0     1     3     5     7     1     1     1     0     0     3     1     0  1382     0
   648     2     5     0     1     3     5     7     0     0     1     0     0     1     1     1   698     0
   649     1     3     1     6     8     2     4     0     0     1     0     0     3     0     0  1168     1
   650     1     3     1     6     8     2     4     0     1     0     0     0     1     0     1   714     0
   651     2     7     0     5     7     1     3     0     0     1     0     0     3     0     1   900     0
   652     2     7     0     5     7     1     3     1     1     0     1     1     1     1     1   710     0
   653     2     5     0     1     3     5     7     1     1     0     1     0     2     0     0  1500     2
   654     2     6     2     3     5     7     1     0     0     1     0     1     2     1     1   922     0
   655     1     3     1     6     8     2     4     1     0     0     1     0     3     1     0   724     0
   656     1     3     1     6     8     2     4     0     0     1     0     0     1     1     0   679     0
   657     2     6     2     3     5     7     1     1     0     0     0     1     3     1     0   561     0
   658     2     7     0     5     7     1     3     1     0     1     0     0     2     0     0   459     0
   659     2     6     2     3     5     7     1     1     0     0     1     1     2     0     0   517     0
   660     2     7     0     5     7     1     3     1     1     1     0     0     2     0     1   592     0
   661     2     8     1     7     1     3     5     0     1     0     1     1     2     1     0   856     0
   662     2     6     2     3     5     7     1     0     0     1     0     0     2     0     1   719     0
   663     1     3     1     6     8     2     4     0     0     1     0     0     3     0     0   525     0
   664     1     3     1     6     8     2     4     0     1     1     1     0     1     0     1   688     0
   665     1     1     2     2     4     6     8     1     1     0     0     1     2     1     0  1022     1
   666     1     1     2     2     4     6     8     0     0     1     0     0     1     1     1   566     1
   667     2     8     1     7     1     3     5     1     0     0     1     0     3     1     0   930     0
   668     1     1     2     2     4     6     8     1     0     0     0     1     3     0     0   937     0
   669     2     5     0     1     3     5     7     0     0     1     1     1     3     1     0   815     0
   670     1     4     1     8     2     4     6     1     1     1     1     1     3     1     1  1008     0
   671     2     6     2     3     5     7     1     1     0     1     1     1     3     0     1   592     0
   672     2     6     2     3     5     7     1     1     0     1     0     1     1     0     0   448     0
   673     1     3     1     6     8     2     4     0     0     0     1     0     3     1     0   544     0
   674     1     4     1     8     2     4     6     0     1     1     1     1     2     0     1   595     0
   675     1     4     1     8     2     4     6     1     1     0     0     0     1     1     0  1299     0
   676     1     1     2     2     4     6     8     1     1     1     1     1     2     0     0   573     0
   677     1     2     2     4     6     8     2     1     1     1     1     0     2     0     0  1058     0
   678     1     3     1     6     8     2     4     0     1     1     0     1     2     1     0   623     0
   679     2     7     0     5     7     1     3     0     0     1     0     0     3     0     1   421     0
   680     1     2     2     4     6     8     2     1     0     1     1     0     3     1     0  1222     1
   681     1     3     1     6     8     2     4     1     0     0     1     0     2     0     0   530     0
   682     1     4     1     8     2     4     6     0     1     1     1     1     2     1     1   677     0
   683     2     8     1     7     1     3     5     1     0     1     0     1     3     1     1   580     0
   684     2     6     2     3     5     7     1     0     0     0     0     0     2     1     0   497     0
   685     1     3     1     6     8     2     4     1     0     1     0     1     3     1     0   435     1
   686     1     1     2     2     4     6     8     0     1     1     0     1     2     1     1   599     1
   687     1     3     1     6     8     2     4     1     0     1     0     0     2     1     1   599     0
   688     1     3     1     6     8     2     4     1     1     0     1     1     1     0     1  1058     0
   689     2     6     2     3     5     7     1     1     1     0     1     1     3     0     0   676     0
   690     2     6     2     3     5     7     1     1     1     0     1     1     1     0     0   454     0
   691     1     2     2     4     6     8     2     1     0     0     1     0     3     0     1   544     0
   692     1     2     2     4     6     8     2     1     0     0     0     1     1     0     0   579     0
   693     1     4     1     8     2     4     6     0     0     1     1     0     2     1     0  1128     0
   694     1     4     1     8     2     4     6     1     0     1     1     1     1     1     0   834     0
   695     2     6     2     3     5     7     1     1     1     1     0     1     3     0     1   570     0
   696     2     7     0     5     7     1     3     0     1     0     1     0     2     1     0  1215     0
   697     1     2     2     4     6     8     2     1     1     1     0     0     3     1     0   992     0
   698     1     1     2     2     4     6     8     1     1     1     0     1     2     0     0   720     0
   699     1     3     1     6     8     2     4     1     0     0     1     0     2     0     1   927     0
   700     1     3     1     6     8     2     4     0     1     0     1     0     1     1     1   683     0
   701     1     4     1     8     2     4     6     0     0     0     0     0     2     0     1   557     1
   702     1     4     1     8     2     4     6     0     1     0     0     0     1     0     1  1079     0
   703     1     4     1     8     2     4     6     0     0     0     0     1     1     0     1   946     0
   704     1     1     2     2     4     6     8     1     1     0     1     1     2     1     1  1049     0
   705     1     3     1     6     8     2     4     0     0     0     0     0     2     1     1   530     0
   706     1     3     1     6     8     2     4     0     1     1     0     1     1     0     1   554     0
   707     2     7     0     5     7     1     3     1     1     0     0     1     3     1     0   734     0
   708     1     2     2     4     6     8     2     0     1     0     0     0     3     1     0   674     0
   709     2     7     0     5     7     1     3     0     0     0     0     1     3     0     1   501     0
   710     2     8     1     7     1     3     5     0     0     0     1     1     2     0     0   951     1
   711     2     5     0     1     3     5     7     1     0     0     0     0     2     1     0  1149     0
   712     2     6     2     3     5     7     1     1     1     1     1     0     2     0     1   895     0
   713     2     5     0     1     3     5     7     0     1     1     0     1     2     1     0   666     1
   714     2     6     2     3     5     7     1     1     1     0     0     1     2     1     0   900     0
   715     1     4     1     8     2     4     6     1     1     0     1     0     3     0     0  1369     1
   716     1     4     1     8     2     4     6     0     0     1     1     1     1     1     1   915     0
   717     2     6     2     3     5     7     1     1     0     0     1     1     3     1     0   895     0
   718     2     6     2     3     5     7     1     1     0     0     1     0     1     0     0   525     0
   719     2     6     2     3     5     7     1     1     0     1     1     0     1     0     0   475     0
   720     2     7     0     5     7     1     3     1     1     0     1     0     2     0     1   946     0
   721     1     1     2     2     4     6     8     0     1     0     1     1     3     1     0   969     0
   722     1     2     2     4     6     8     2     1     0     0     0     0     2     1     1  1368     1
   723     2     7     0     5     7     1     3     1     1     0     0     0     3     0     1   657     0
   724     2     7     0     5     7     1     3     1     0     1     0     1     1     0     1   804     0
   725     1     2     2     4     6     8     2     0     0     0     1     1     3     1     0  1375     0
   726     1     2     2     4     6     8     2     0     1     0     0     1     1     0     1   574     0
   727     2     7     0     5     7     1     3     1     0     1     1     1     3     1     1   691     0
   728     2     5     0     1     3     5     7     1     1     0     1     0     2     0     1   856     0
   729     1     1     2     2     4     6     8     0     0     0     0     0     3     1     1   673     0
   730     1     2     2     4     6     8     2     0     1     1     1     0     2     0     1   678     0
   731     2     7     0     5     7     1     3     0     0     0     1     1     3     0     1   601     0
   732     2     7     0     5     7     1     3     0     1     0     1     0     1     0     1   709     0
   733     2     6     2     3     5     7     1     1     1     0     1     1     2     1     0   683     1
   734     2     6     2     3     5     7     1     0     1     0     0     1     1     1     0   660     0
   735     2     6     2     3     5     7     1     0     0     0     0     1     1     0     1   849     0
   736     2     6     2     3     5     7     1     0     0     0     1     0     1     0     0   582     0
   737     2     7     0     5     7     1     3     1     0     1     0     1     2     1     0   994     0
   738     1     4     1     8     2     4     6     1     1     1     0     1     3     0     1   927     0
   739     2     8     1     7     1     3     5     1     0     0     1     0     3     0     1  1317     0
   740     1     3     1     6     8     2     4     1     0     1     1     0     3     0     0   483     0
   741     1     1     2     2     4     6     8     0     1     0     1     0     2     1     1   713     0
   742     1     4     1     8     2     4     6     0     1     0     0     1     2     0     0   613     0
   743     1     4     1     8     2     4     6     0     1     1     1     1     1     0     0   478     0
   744     1     4     1     8     2     4     6     1     1     1     0     0     1     1     0  1232     1
   745     2     8     1     7     1     3     5     1     0     0     0     1     3     0     1   616     0
   746     2     8     1     7     1     3     5     1     1     0     0     0     1     0     1   544     0
   747     2     7     0     5     7     1     3     0     1     1     0     0     2     1     0   921     0
   748     2     7     0     5     7     1     3     0     1     0     1     0     1     0     0   495     0
   749     1     3     1     6     8     2     4     0     0     1     1     0     3     0     1   997     0
   750     1     3     1     6     8     2     4     1     1     1     0     0     1     1     1   529     0
   751     2     8     1     7     1     3     5     1     0     1     0     0     3     0     1  1124     0
   752     2     6     2     3     5     7     1     0     0     0     0     1     2     1     0   943     0
   753     1     2     2     4     6     8     2     1     1     1     0     0     3     1     1   930     0
   754     1     2     2     4     6     8     2     1     1     1     0     1     1     0     0   456     0
   755     1     2     2     4     6     8     2     0     0     0     1     0     1     1     1   467     0
   756     1     2     2     4     6     8     2     0     1     0     1     1     1     0     1   616     0
   757     2     5     0     1     3     5     7     1     0     0     1     0     3     1     1   701     0
   758     2     5     0     1     3     5     7     0     0     0     1     0     1     1     0   784     0
   759     1     4     1     8     2     4     6     0     0     1     1     0     3     0     0   557     0
   760     1     4     1     8     2     4     6     1     1     1     0     0     1     1     1   850     0
   761     1     2     2     4     6     8     2     1     0     1     0     0     2     0     1   598     0
   762     1     2     2     4     6     8     2     0     0     0     0     0     1     1     0   651     0
   763     1     1     2     2     4     6     8     1     1     0     0     1     2     1     1   853     0
   764     1     1     2     2     4     6     8     1     0     0     1     1     1     0     1   554     0
   765     2     6     2     3     5     7     1     0     0     1     1     1     3     1     0   625     0
   766     2     7     0     5     7     1     3     1     1     1     1     0     2     1     1   854     0
   767     1     4     1     8     2     4     6     1     0     1     1     1     3     0     1  1028     0
   768     1     4     1     8     2     4     6     1     0     1     1     0     1     0     0   473     0
   769     1     4     1     8     2     4     6     0     0     1     0     1     1     1     0   952     0
   770     1     2     2     4     6     8     2     1     1     1     0     1     2     1     1   632     0
   771     1     3     1     6     8     2     4     0     1     1     1     1     2     1     0   769     0
   772     1     3     1     6     8     2     4     1     1     1     1     0     1     1     0  1268     0
   773     1     4     1     8     2     4     6     0     1     1     1     0     2     1     0  1254     0
   774     1     4     1     8     2     4     6     1     0     0     0     0     1     1     1   950     0
   775     1     2     2     4     6     8     2     1     0     1     1     1     2     0     0   673     0
   776     1     2     2     4     6     8     2     0     0     1     1     1     1     1     0   780     0
   777     2     7     0     5     7     1     3     0     0     0     0     0     3     0     0   527     0
   778     2     7     0     5     7     1     3     1     1     0     0     0     1     1     1   611     0
   779     1     1     2     2     4     6     8     0     0     1     1     0     3     1     1  1131     0
   780     1     1     2     2     4     6     8     1     0     1     1     1     1     1     0   981     0
   781     2     5     0     1     3     5     7     0     1     0     0     1     3     1     1   913     0
   782     1     4     1     8     2     4     6     0     0     1     1     1     3     0     1  1004     0
   783     2     8     1     7     1     3     5     1     1     1     1     0     3     1     1   813     1
   784     2     8     1     7     1     3     5     1     0     1     1     1     1     0     1   604     0
   785     1     2     2     4     6     8     2     1     1     1     0     0     3     0     1   823     0
   786     1     2     2     4     6     8     2     0     0     1     1     0     1     1     1   736     0
   787     2     6     2     3     5     7     1     0     0     1     0     0     3     0     0  1031     0
   788     2     6     2     3     5     7     1     1     0     1     1     0     1     1     0   571     0
   789     1     1     2     2     4     6     8     0     1     0     0     0     3     1     1   722     0
   790     1     1     2     2     4     6     8     0     1     1     1     0     1     0     0   572     0
   791     1     2     2     4     6     8     2     0     0     1     0     1     2     0     1   568     0
   792     1     2     2     4     6     8     2     0     0     0     0     1     1     0     0   480     0
   793     2     7     0     5     7     1     3     1     0     0     1     1     3     1     0  1058     0
   794     2     7     0     5     7     1     3     1     0     1     0     0     1     0     0   443     0
   795     2     7     0     5     7     1     3     1     1     1     0     0     1     0     1  1034     0
   796     2     7     0     5     7     1     3     1     0     0     0     0     1     0     1   386     0
   797     1     1     2     2     4     6     8     0     0     1     1     1     3     1     0   842     0
   798     1     1     2     2     4     6     8     0     1     0     1     0     1     0     1   815     0
   799     2     7     0     5     7     1     3     1     1     0     1     1     3     1     0   536     0
   800     2     7     0     5     7     1     3     1     0     0     1     1     1     0     1   580     0
   801     1     4     1     8     2     4     6     1     0     0     1     0     3     0     0   748     0
   802     1     1     2     2     4     6     8     1     1     0     0     0     2     0     1   556     0
   803     2     5     0     1     3     5     7     0     0     0     0     1     3     1     1   443     0
   804     2     5     0     1     3     5     7     1     1     0     0     0     1     1     1   637     0
   805     2     6     2     3     5     7     1     0     1     1     0     0     2     1     0   969     0
   806     2     6     2     3     5     7     1     0     1     0     0     0     1     0     0   757     0
   807     2     5     0     1     3     5     7     0     1     1     0     1     2     0     0   553     0
   808     1     4     1     8     2     4     6     0     1     0     0     1     3     0     0   663     0
   809     2     5     0     1     3     5     7     0     1     1     0     1     3     0     0   474     0
   810     2     5     0     1     3     5     7     1     1     0     0     0     1     1     0   660     1
   811     1     3     1     6     8     2     4     0     1     1     0     0     3     1     0   716     0
   812     2     8     1     7     1     3     5     0     1     0     0     0     3     0     0   527     0
   813     2     6     2     3     5     7     1     1     0     1     1     1     2     1     1   547     1
   814     2     6     2     3     5     7     1     1     1     0     1     0     1     0     1   589     0
   815     2     7     0     5     7     1     3     0     0     1     1     0     2     1     1   902     0
   816     2     7     0     5     7     1     3     0     1     1     0     1     1     0     1   660     1
   817     2     5     0     1     3     5     7     1     1     0     0     1     2     1     0   572     1
   818     2     5     0     1     3     5     7     0     1     0     0     0     1     1     0   953     0
   819     1     1     2     2     4     6     8     1     0     1     1     1     3     1     1   980     0
   820     2     8     1     7     1     3     5     0     1     1     1     0     3     1     1  1004     0
   821     2     5     0     1     3     5     7     0     0     0     1     1     2     0     1   756     0
   822     2     5     0     1     3     5     7     0     0     0     1     1     1     0     0   554     0
   823     1     3     1     6     8     2     4     1     0     0     0     0     3     1     0  1278     1
   824     1     1     2     2     4     6     8     1     0     1     0     0     2     0     0  1273     1
   825     2     8     1     7     1     3     5     1     0     0     1     0     3     0     0  1075     0
   826     2     8     1     7     1     3     5     1     1     0     0     0     1     0     1  1037     0
   827     2     5     0     1     3     5     7     0     0     0     0     1     2     1     1  1408     0
   828     1     2     2     4     6     8     2     0     0     0     0     0     3     0     0   908     1
   829     1     3     1     6     8     2     4     0     1     0     1     0     2     0     1  1142     0
   830     1     3     1     6     8     2     4     1     0     0     0     1     1     1     1  1500     2
   831     2     7     0     5     7     1     3     0     0     1     1     1     3     1     0   870     1
   832     2     7     0     5     7     1     3     1     1     1     0     1     1     1     1  1151     0
   833     2     5     0     1     3     5     7     1     0     0     0     1     2     0     1  1462     1
   834     2     7     0     5     7     1     3     0     1     1     0     1     2     1     1   897     0
   835     2     7     0     5     7     1     3     1     1     0     0     0     1     1     0  1500     2
   836     2     8     1     7     1     3     5     1     1     0     1     1     2     0     0  1465     1
   837     1     4     1     8     2     4     6     1     1     0     1     1     3     0     0  1090     0
   838     1     3     1     6     8     2     4     1     1     0     0     1     2     0     0  1044     1
   839     2     6     2     3     5     7     1     1     0     0     1     0     3     0     1  1280     0
   840     2     6     2     3     5     7     1     1     1     0     0     0     1     0     1   850     0
   841     1     4     1     8     2     4     6     1     1     0     0     0     3     0     0   979     0
   842     1     4     1     8     2     4     6     1     1     0     1     0     1     0     0   846     0
   843     2     8     1     7     1     3     5     0     1     1     0     1     3     1     0  1291     0
   844     1     3     1     6     8     2     4     1     1     1     0     1     3     1     0  1005     0
   845     2     6     2     3     5     7     1     0     1     0     0     1     3     1     0  1185     0
   846     2     6     2     3     5     7     1     1     0     1     0     0     1     1     1  1192     0
   847     2     5     0     1     3     5     7     1     1     1     0     0     2     0     1   697     0
   848     2     5     0     1     3     5     7     0     0     0     1     0     1     1     1   735     0
   849     2     5     0     1     3     5     7     0     0     0     1     0     1     0     0  1500     2
   850     2     5     0     1     3     5     7     0     0     1     1     0     1     0     0   495     0
   851     1     3     1     6     8     2     4     1     0     1     1     0     3     1     0  1273     1
   852     2     8     1     7     1     3     5     1     0     0     1     0     3     0     0   646     0
   853     1     3     1     6     8     2     4     0     0     0     0     0     3     1     0  1351     0
   854     1     3     1     6     8     2     4     0     1     0     0     0     1     0     1   702     0
   855     2     6     2     3     5     7     1     1     0     0     1     0     3     1     1   888     0
   856     2     5     0     1     3     5     7     1     0     0     0     1     2     0     0   955     0
   857     1     1     2     2     4     6     8     0     0     1     1     0     3     1     0   930     0
   858     1     2     2     4     6     8     2     0     1     1     1     0     2     0     1   661     0
   859     2     6     2     3     5     7     1     1     1     0     0     0     3     1     0  1023     0
   860     2     5     0     1     3     5     7     0     0     1     0     1     2     1     1   896     0
   861     1     3     1     6     8     2     4     0     1     0     0     0     3     0     1   641     0
   862     1     4     1     8     2     4     6     1     0     1     0     1     2     1     1  1091     0
   863     1     4     1     8     2     4     6     0     1     0     0     0     1     1     1  1106     0
   864     1     4     1     8     2     4     6     0     1     0     0     0     1     0     0  1468     1
   865     1     3     1     6     8     2     4     1     1     1     0     0     2     1     0  1032     0
   866     1     3     1     6     8     2     4     0     0     0     1     0     1     1     1  1205     0
   867     2     8     1     7     1     3     5     1     0     0     0     0     3     1     0   937     0
   868     2     5     0     1     3     5     7     0     0     1     0     1     2     1     0   669     0
   869     2     7     0     5     7     1     3     0     1     0     0     0     2     0     1   662     0
   870     2     7     0     5     7     1     3     0     0     0     1     1     1     0     1   860     0
   871     2     5     0     1     3     5     7     1     0     0     0     0     2     1     0   880     0
   872     2     5     0     1     3     5     7     0     0     0     1     0     1     1     0   538     0
   873     2     8     1     7     1     3     5     0     0     0     0     0     2     0     0   533     0
   874     2     8     1     7     1     3     5     0     1     1     1     0     1     0     1   408     1
   875     1     3     1     6     8     2     4     1     1     0     1     1     3     1     0  1292     0
   876     1     1     2     2     4     6     8     0     0     1     0     0     2     1     1   638     0
   877     2     7     0     5     7     1     3     0     0     1     0     0     3     0     0   987     0
   878     2     7     0     5     7     1     3     0     1     1     1     0     1     0     1  1299     0
   879     2     6     2     3     5     7     1     0     0     1     0     0     2     0     1   836     0
   880     2     8     1     7     1     3     5     0     0     1     0     1     2     0     0   813     0
   881     1     3     1     6     8     2     4     0     0     1     0     0     3     0     0   521     0
   882     1     3     1     6     8     2     4     0     0     1     1     0     1     0     0   468     0
   883     2     7     0     5     7     1     3     0     0     1     0     1     3     0     0   518     0
   884     2     7     0     5     7     1     3     1     1     0     1     1     1     1     1   868     0
   885     2     7     0     5     7     1     3     0     0     1     1     0     1     1     1   722     0
   886     2     5     0     1     3     5     7     0     0     0     1     0     2     0     0   713     0
   887     2     8     1     7     1     3     5     1     1     1     0     1     2     1     1  1388     0
   888     2     8     1     7     1     3     5     1     0     0     0     0     1     0     1   652     0
   889     1     2     2     4     6     8     2     1     1     1     0     0     3     0     1   617     0
   890     2     5     0     1     3     5     7     1     0     1     1     0     3     0     1  1500     2
   891     1     4     1     8     2     4     6     0     1     0     0     1     3     1     1  1031     0
   892     1     4     1     8     2     4     6     1     1     1     0     0     1     1     0   811     0
   893     1     4     1     8     2     4     6     1     0     1     1     0     1     0     1   584     0
   894     1     4     1     8     2     4     6     0     0     0     0     1     1     1     0  1048     0
   895     2     7     0     5     7     1     3     0     1     0     1     0     3     0     1  1084     0
   896     2     5     0     1     3     5     7     0     0     0     1     0     2     0     1  1014     0
