     1     2     5     0     1     3     5     7     0     0     1     1     1     3     0     0   623     1
     2     2     6     2     3     5     7     1     0     0     0     0     1     2     0     0   558     1
     3     2     5     0     1     3     5     7     1     0     0     0     0     2     1     0   809     1
     4     2     5     0     1     3     5     7     1     1     0     1     0     1     0     1   680     0
     5     1     4     1     8     2     4     6     0     1     1     1     1     3     1     0   647     0
     6     2     5     0     1     3     5     7     0     0     1     1     1     3     0     1   535     0
     7     1     2     2     4     6     8     2     0     1     1     0     1     3     0     1   498     0
     8     1     2     2     4     6     8     2     0     1     0     1     1     1     0     0   428     0
     9     1     4     1     8     2     4     6     1     1     1     0     1     2     1     0   456     0
    10     1     4     1     8     2     4     6     0     1     0     1     1     1     1     0   438     0
    11     1     4     1     8     2     4     6     0     0     1     0     0     1     0     1   496     0
    12     2     5     0     1     3     5     7     1     0     1     1     0     3     1     0   562     0
    13     1     3     1     6     8     2     4     0     1     0     0     1     3     1     1   575     0
    14     1     3     1     6     8     2     4     1     1     0     0     0     1     1     0   505     0
    15     1     3     1     6     8     2     4     0     0     0     0     0     1     1     1   766     0
    16     1     3     1     6     8     2     4     0     1     1     0     0     1     0     1   463     1
    17     1     4     1     8     2     4     6     0     1     0     1     1     2     0     0   548     0
    18     1     4     1     8     2     4     6     1     0     1     1     0     1     1     1   718     0
    19     1     1     2     2     4     6     8     0     1     1     0     0     2     1     1   648     0
    20     1     2     2     4     6     8     2     1     1     0     0     0     2     1     0   742     0
    21     1     2     2     4     6     8     2     1     0     1     1     1     1     0     1   504     1
    22     1     3     1     6     8     2     4     0     0     0     0     1     2     1     0   704     0
    23     1     2     2     4     6     8     2     1     0     1     1     1     2     1     0   683     0
    24     1     2     2     4     6     8     2     1     1     1     1     1     1     0     1   540     0
    25     2     7     0     5     7     1     3     0     0     0     0     1     3     1     1   758     0
    26     2     7     0     5     7     1     3     0     0     0     1     1     1     0     0   480     0
    27     2     7     0     5     7     1     3     0     0     1     1     1     1     0     0   484     0
    28     1     4     1     8     2     4     6     0     1     0     0     1     3     0     1   609     0
    29     2     7     0     5     7     1     3     1     0     0     1     0     3     1     1   546     1
    30     2     7     0     5     7     1     3     1     0     0     1     0     1     0     0   564     0
    31     2     6     2     3     5     7     1     0     1     0     1     1     2     1     1   662     0
    32     1     3     1     6     8     2     4     0     0     1     0     1     3     0     1   845     0
    33     1     3     1     6     8     2     4     0     0     0     0     0     1     0     0   619     0
    34     1     3     1     6     8     2     4     1     0     1     1     0     1     1     0   429     0
    35     1     1     2     2     4     6     8     0     1     1     1     0     2     1     1   675     0
    36     1     1     2     2     4     6     8     1     0     1     1     0     1     1     1   613     1
    37     2     7     0     5     7     1     3     0     0     1     1     1     3     1     0   651     0
    38     2     5     0     1     3     5     7     1     1     0     1     0     2     1     1   557     0
    39     2     6     2     3     5     7     1     1     0     1     0     0     2     0     1  1135     0
    40     2     7     0     5     7     1     3     1     1     0     1     0     2     0     1   531     0
    41     1     3     1     6     8     2     4     1     0     0     1     1     3     0     1   496     0
    42     1     3     1     6     8     2     4     0     1     1     1     1     1     1     1   954     0
    43     2     8     1     7     1     3     5     0     1     1     0     0     3     0     0   521     1
    44     2     8     1     7     1     3     5     0     1     1     0     0     1     0     0   501     0
    45     2     8     1     7     1     3     5     1     1     1     1     1     1     1     0   515     0
    46     2     5     0     1     3     5     7     1     1     0     0     1     2     0     0   452     0
    47     2     8     1     7     1     3     5     1     1     0     1     0     2     0     0   473     1
    48     2     8     1     7     1     3     5     0     0     1     0     0     1     1     1   519     0
    49     2     7     0     5     7     1     3     0     1     1     1     1     2     0     1   494     0
    50     2     8     1     7     1     3     5     0     1     1     1     1     2     0     0   449     0
    51     1     2     2     4     6     8     2     0     1     1     1     1     3     0     0   458     0
    52     2     5     0     1     3     5     7     0     1     1     0     0     3     0     0   462     0
    53     2     6     2     3     5     7     1     0     0     0     1     0     2     0     1   508     1
    54     2     5     0     1     3     5     7     1     0     0     0     1     2     1     0   735     0
    55     2     8     1     7     1     3     5     0     0     1     0     0     2     1     0   584     0
    56     2     6     2     3     5     7     1     0     1     0     1     1     2     0     1   444     0
    57     1     2     2     4     6     8     2     0     1     1     0     1     3     0     0   570     0
    58     1     2     2     4     6     8     2     0     0     1     1     0     1     0     1   683     0
    59     1     1     2     2     4     6     8     1     1     1     0     1     2     1     1   609     0
    60     1     1     2     2     4     6     8     1     1     1     0     0     1     0     0   504     0
    61     1     3     1     6     8     2     4     0     0     1     0     1     2     1     1   420     1
    62     1     2     2     4     6     8     2     1     1     0     0     0     2     1     1   551     0
    63     1     3     1     6     8     2     4     0     0     0     0     1     2     1     1   528     1
    64     1     3     1     6     8     2     4     1     1     0     0     1     1     1     1   506     0
    65     1     2     2     4     6     8     2     0     1     1     0     0     2     1     0   670     0
    66     1     3     1     6     8     2     4     1     0     1     0     1     2     1     1   780     0
    67     1     1     2     2     4     6     8     0     0     0     0     1     2     1     0   635     1
    68     1     1     2     2     4     6     8     1     1     1     0     1     1     1     1   530     0
    69     2     5     0     1     3     5     7     0     1     1     0     1     3     1     0   547     1
    70     1     2     2     4     6     8     2     0     0     1     1     0     3     0     1   540     1
    71     2     8     1     7     1     3     5     1     1     0     0     0     3     1     1   900     0
    72     2     8     1     7     1     3     5     0     0     1     0     0     1     1     1   524     0
    73     1     3     1     6     8     2     4     0     1     1     1     1     3     0     1   480     0
    74     1     3     1     6     8     2     4     0     0     1     1     1     1     0     1   490     0
    75     2     5     0     1     3     5     7     0     1     0     0     0     3     0     1   466     0
    76     2     7     0     5     7     1     3     0     0     0     1     1     2     0     1   558     0
    77     1     4     1     8     2     4     6     1     0     0     0     1     3     1     0   637     1
    78     2     7     0     5     7     1     3     1     0     1     0     1     3     0     0   565     0
    79     1     2     2     4     6     8     2     1     1     0     0     1     3     0     1   454     0
    80     1     2     2     4     6     8     2     0     1     0     0     1     1     1     0   509     0
    81     2     8     1     7     1     3     5     0     1     1     0     0     3     0     0   473     0
    82     1     1     2     2     4     6     8     1     0     1     1     0     3     1     1   631     0
    83     1     2     2     4     6     8     2     0     1     0     0     0     2     1     1   461     0
    84     1     1     2     2     4     6     8     0     0     1     0     0     2     0     1   437     1
    85     2     5     0     1     3     5     7     1     1     0     0     1     3     1     1   482     0
    86     2     5     0     1     3     5     7     0     0     0     1     1     1     1     1   529     0
    87     2     8     1     7     1     3     5     0     1     0     1     1     2     0     1   498     0
    88     2     7     0     5     7     1     3     1     1     0     1     0     2     1     0   507     1
    89     2     6     2     3     5     7     1     1     0     1     1     0     2     0     1   579     1
    90     2     7     0     5     7     1     3     1     1     0     0     1     2     0     1   541     1
    91     2     8     1     7     1     3     5     0     1     0     1     0     2     1     0   809     0
    92     2     8     1     7     1     3     5     0     1     0     0     1     1     0     0   540     0
    93     1     3     1     6     8     2     4     0     1     1     0     0     3     0     0   576     0
    94     1     1     2     2     4     6     8     1     0     1     1     1     2     1     1   497     1
    95     2     7     0     5     7     1     3     1     1     1     1     0     3     0     1   459     0
    96     2     7     0     5     7     1     3     0     0     1     0     0     1     1     1   608     0
    97     1     1     2     2     4     6     8     1     1     0     1     0     3     1     1   561     0
    98     1     2     2     4     6     8     2     0     0     1     0     0     2     1     1   677     1
    99     1     4     1     8     2     4     6     1     1     1     0     1     2     1     1   532     0
   100     1     2     2     4     6     8     2     1     0     0     0     0     2     0     1   487     0
   101     2     6     2     3     5     7     1     1     1     1     0     0     3     0     1   462     0
   102     1     3     1     6     8     2     4     1     1     1     0     0     3     0     0   466     0
   103     1     1     2     2     4     6     8     1     0     1     1     0     2     0     1   568     0
   104     1     3     1     6     8     2     4     1     1     0     1     0     2     0     1   453     0
   105     2     5     0     1     3     5     7     1     0     1     0     1     3     0     1   568     0
   106     2     5     0     1     3     5     7     1     1     0     1     1     1     0     1   613     0
   107     2     8     1     7     1     3     5     1     1     0     1     0     2     0     0   483     0
   108     2     8     1     7     1     3     5     1     1     0     0     1     1     0     0   417     0
   109     2     8     1     7     1     3     5     0     1     0     0     1     1     1     0   644     0
   110     2     6     2     3     5     7     1     0     0     1     0     1     2     0     1   674     1
   111     2     8     1     7     1     3     5     1     0     0     1     0     2     1     0   552     0
   112     2     5     0     1     3     5     7     0     0     0     1     0     2     1     0   612     0
   113     2     5     0     1     3     5     7     0     0     1     1     0     1     0     0   648     1
   114     2     5     0     1     3     5     7     1     0     0     1     1     1     1     0   666     0
   115     2     6     2     3     5     7     1     1     1     1     1     1     2     0     1   443     0
   116     2     8     1     7     1     3     5     1     1     0     1     0     2     0     0   493     0
   117     1     3     1     6     8     2     4     0     0     1     1     0     3     1     1   605     1
   118     2     8     1     7     1     3     5     1     0     1     1     0     3     1     0   587     0
   119     1     1     2     2     4     6     8     1     1     0     1     0     3     0     1   462     0
   120     1     1     2     2     4     6     8     0     0     1     0     1     1     1     1   461     1
   121     2     5     0     1     3     5     7     1     1     1     1     0     3     1     1  1100     0
   122     2     6     2     3     5     7     1     0     0     1     0     1     2     1     1   667     0
   123     1     4     1     8     2     4     6     1     0     0     1     0     3     1     0   501     0
   124     2     7     0     5     7     1     3     0     0     0     1     0     3     1     0   741     1
   125     1     1     2     2     4     6     8     1     1     1     0     0     3     1     1   644     0
   126     1     1     2     2     4     6     8     1     1     1     0     1     1     0     0   523     0
   127     2     7     0     5     7     1     3     0     0     1     0     1     3     1     1   625     0
   128     2     7     0     5     7     1     3     1     1     0     1     0     1     1     1   619     1
   129     1     3     1     6     8     2     4     0     0     1     0     1     3     1     1   583     1
   130     1     3     1     6     8     2     4     1     0     0     1     1     1     1     0   622     0
   131     1     4     1     8     2     4     6     0     0     1     1     0     2     1     0   734     0
   132     1     1     2     2     4     6     8     0     0     0     0     0     2     0     0   776     0
   133     1     1     2     2     4     6     8     1     0     0     1     0     1     1     0   767     0
   134     1     1     2     2     4     6     8     0     1     0     0     1     1     1     1   596     0
   135     2     7     0     5     7     1     3     0     1     1     1     1     3     0     0   563     0
   136     2     7     0     5     7     1     3     1     0     0     0     1     1     1     1   898     0
   137     1     4     1     8     2     4     6     0     1     1     0     0     3     1     1   796     0
   138     1     4     1     8     2     4     6     1     0     1     1     0     1     1     1   831     0
   139     1     3     1     6     8     2     4     0     0     1     0     0     2     1     0   746     0
   140     1     3     1     6     8     2     4     0     1     1     0     1     1     0     1   523     0
   141     1     2     2     4     6     8     2     0     1     1     1     0     2     0     0   560     0
   142     1     2     2     4     6     8     2     0     0     1     0     0     1     0     1   504     0
   143     2     7     0     5     7     1     3     0     0     1     1     0     3     0     0   598     0
   144     2     5     0     1     3     5     7     0     1     1     0     0     2     0     1   562     0
   145     2     7     0     5     7     1     3     1     1     0     0     1     2     1     0   975     0
   146     2     7     0     5     7     1     3     1     0     0     1     1     1     0     1   461     0
   147     1     4     1     8     2     4     6     0     0     1     0     1     3     1     0   621     0
   148     1     2     2     4     6     8     2     0     0     0     0     1     2     0     0   574     0
   149     2     5     0     1     3     5     7     1     0     0     0     1     3     1     0   627     1
   150     2     5     0     1     3     5     7     0     1     0     1     1     1     1     1   791     0
   151     2     5     0     1     3     5     7     0     0     1     0     0     1     0     1   754     0
   152     2     5     0     1     3     5     7     0     0     0     0     0     1     0     0   511     0
   153     1     1     2     2     4     6     8     1     1     1     0     0     3     1     1   577     0
   154     1     1     2     2     4     6     8     0     0     1     1     1     1     1     1   614     0
   155     2     5     0     1     3     5     7     1     0     0     0     1     3     1     0   631     0
   156     1     4     1     8     2     4     6     1     0     1     0     1     3     0     0   586     1
   157     1     4     1     8     2     4     6     1     1     1     1     1     1     0     1   525     0
   158     1     4     1     8     2     4     6     0     0     1     1     1     1     1     1   607     0
   159     2     7     0     5     7     1     3     0     1     0     0     1     3     0     1   908     0
   160     1     2     2     4     6     8     2     0     0     0     0     1     3     0     1   534     0
   161     2     6     2     3     5     7     1     1     0     1     0     1     3     1     0   506     0
   162     2     6     2     3     5     7     1     1     1     1     1     1     1     0     1   558     0
   163     2     6     2     3     5     7     1     1     0     0     0     1     1     0     1   509     1
   164     2     7     0     5     7     1     3     0     0     1     1     0     2     1     0   711     1
   165     2     7     0     5     7     1     3     1     1     0     1     1     1     1     1   707     0
   166     2     8     1     7     1     3     5     0     1     0     0     1     2     1     0   889     1
   167     2     6     2     3     5     7     1     1     0     1     1     1     2     1     1   604     0
   168     2     6     2     3     5     7     1     0     0     1     1     1     1     1     0   742     0
   169     1     4     1     8     2     4     6     0     1     0     0     0     3     0     1   523     0
   170     1     4     1     8     2     4     6     1     0     0     1     1     1     1     1   749     1
   171     1     1     2     2     4     6     8     0     1     0     0     1     2     1     1   560     0
   172     1     1     2     2     4     6     8     1     1     1     1     0     1     1     0   738     1
   173     1     4     1     8     2     4     6     1     0     1     0     1     2     0     1   671     0
   174     1     4     1     8     2     4     6     0     1     1     0     0     1     1     1   791     0
   175     1     4     1     8     2     4     6     1     0     0     0     0     1     1     1  1053     1
   176     1     4     1     8     2     4     6     1     0     0     0     1     1     0     0   453     0
   177     1     3     1     6     8     2     4     0     0     1     1     1     2     1     0   878     0
   178     1     3     1     6     8     2     4     0     1     1     1     1     1     0     1   829     0
   179     1     3     1     6     8     2     4     0     1     0     1     0     1     0     0   772     1
   180     1     3     1     6     8     2     4     0     0     0     0     1     1     0     1   772     0
   181     2     7     0     5     7     1     3     0     1     0     1     0     3     0     1   586     1
   182     2     7     0     5     7     1     3     0     1     1     1     1     1     0     0   607     0
   183     2     5     0     1     3     5     7     1     1     0     1     1     2     1     0   820     0
   184     2     7     0     5     7     1     3     0     0     0     1     1     2     1     1   609     0
   185     1     4     1     8     2     4     6     1     1     1     1     0     3     1     1   695     0
   186     1     4     1     8     2     4     6     0     0     1     1     1     1     1     1   552     0
   187     1     2     2     4     6     8     2     1     1     0     0     0     2     1     1   655     0
   188     1     4     1     8     2     4     6     0     1     1     1     0     2     1     0   626     1
   189     1     2     2     4     6     8     2     0     0     0     1     1     2     0     1   944     0
   190     1     2     2     4     6     8     2     0     0     1     0     0     1     0     0   723     0
   191     2     7     0     5     7     1     3     0     1     0     0     0     3     0     1   585     0
   192     2     8     1     7     1     3     5     0     1     0     0     0     2     0     0   786     0
   193     1     4     1     8     2     4     6     1     1     0     1     0     3     1     0   837     0
   194     1     2     2     4     6     8     2     1     1     0     0     1     2     0     0   895     0
   195     1     4     1     8     2     4     6     0     0     0     0     1     2     1     1  1008     1
   196     2     5     0     1     3     5     7     0     0     1     0     1     3     0     0   676     0
   197     1     1     2     2     4     6     8     1     1     0     0     1     3     1     1   665     0
   198     1     1     2     2     4     6     8     0     1     0     0     0     1     1     0   595     0
   199     1     4     1     8     2     4     6     0     0     1     1     1     2     0     1   618     0
   200     1     4     1     8     2     4     6     0     1     1     1     0     1     0     1   658     0
   201     2     8     1     7     1     3     5     1     1     0     1     0     3     1     0   655     1
   202     2     6     2     3     5     7     1     0     1     1     1     1     2     1     0   531     0
   203     1     2     2     4     6     8     2     1     0     0     1     1     3     1     1   758     0
   204     2     7     0     5     7     1     3     0     1     1     0     0     3     1     1   503     0
   205     2     5     0     1     3     5     7     0     0     1     1     0     2     0     1   633     0
   206     2     5     0     1     3     5     7     0     0     1     1     0     1     0     0   626     0
   207     1     4     1     8     2     4     6     0     0     1     1     1     3     0     0   647     0
   208     1     3     1     6     8     2     4     1     1     0     0     1     2     1     1   760     0
   209     1     3     1     6     8     2     4     1     1     1     1     0     1     0     0   472     0
   210     1     4     1     8     2     4     6     0     0     1     1     1     2     1     1   636     0
   211     1     2     2     4     6     8     2     1     1     0     0     1     2     1     1   536     0
   212     1     1     2     2     4     6     8     1     1     1     1     0     2     0     0   528     0
   213     2     7     0     5     7     1     3     1     0     1     1     1     3     0     1   570     0
   214     2     8     1     7     1     3     5     1     1     0     1     0     2     0     1   518     0
   215     2     7     0     5     7     1     3     1     0     1     1     0     2     0     1   529     0
   216     2     7     0     5     7     1     3     0     1     1     0     0     1     1     1   685     0
   217     2     5     0     1     3     5     7     1     1     0     1     1     2     1     0   613     0
   218     2     5     0     1     3     5     7     0     1     1     0     1     1     1     0   582     0
   219     2     8     1     7     1     3     5     1     0     1     0     0     2     1     1   622     0
   220     2     8     1     7     1     3     5     1     0     0     0     0     1     0     0   767     1
   221     1     4     1     8     2     4     6     1     0     0     0     0     3     0     0   631     0
   222     1     4     1     8     2     4     6     1     1     0     0     0     1     0     1   496     0
   223     1     1     2     2     4     6     8     1     0     1     1     1     2     0     1   627     1
   224     1     1     2     2     4     6     8     0     0     0     1     0     1     1     0   607     1
   225     1     1     2     2     4     6     8     0     1     1     1     1     1     0     1   728     1
   226     2     6     2     3     5     7     1     0     0     1     1     1     3     0     1   685     0
   227     2     8     1     7     1     3     5     0     1     0     1     1     2     0     1   615     0
   228     2     8     1     7     1     3     5     0     1     0     0     0     1     0     0   529     0
   229     1     4     1     8     2     4     6     1     0     0     1     0     3     1     1   707     0
   230     1     4     1     8     2     4     6     1     1     0     0     1     1     0     1   838     0
   231     1     1     2     2     4     6     8     0     0     0     0     1     2     1     1   665     0
   232     1     1     2     2     4     6     8     0     0     1     1     1     1     0     0   610     0
   233     2     7     0     5     7     1     3     1     0     0     1     1     3     1     0   945     0
   234     2     7     0     5     7     1     3     1     1     1     0     0     1     0     1   544     0
   235     2     6     2     3     5     7     1     0     1     1     1     1     2     1     0   621     0
   236     2     7     0     5     7     1     3     1     0     0     0     1     2     1     1   761     0
   237     1     1     2     2     4     6     8     1     0     0     0     1     3     0     0   631     1
   238     1     1     2     2     4     6     8     1     0     0     1     1     1     0     0   576     0
   239     2     5     0     1     3     5     7     0     0     1     1     0     3     1     0   959     0
   240     1     2     2     4     6     8     2     0     0     0     0     1     3     0     0   648     0
   241     2     7     0     5     7     1     3     0     1     0     1     0     3     0     1   643     0
   242     2     7     0     5     7     1     3     1     0     1     0     1     1     1     1   851     0
   243     2     7     0     5     7     1     3     0     1     0     1     0     1     1     1   676     0
   244     1     4     1     8     2     4     6     1     0     1     0     1     3     1     1   600     0
   245     2     5     0     1     3     5     7     0     0     1     1     0     3     1     0   486     0
   246     1     4     1     8     2     4     6     1     0     1     1     1     3     1     0   590     0
   247     1     2     2     4     6     8     2     1     1     1     1     0     2     0     1   588     0
   248     1     2     2     4     6     8     2     0     1     1     1     1     1     1     0   673     0
   249     2     7     0     5     7     1     3     1     0     1     0     1     3     1     1   660     0
   250     2     7     0     5     7     1     3     0     0     1     0     0     1     1     0   906     1
   251     2     8     1     7     1     3     5     1     0     1     1     0     2     1     0   705     0
   252     2     8     1     7     1     3     5     0     1     0     0     1     1     1     1   645     0
   253     1     1     2     2     4     6     8     0     1     1     0     0     3     0     0   609     0
   254     1     3     1     6     8     2     4     1     0     0     1     1     2     1     1   565     0
   255     1     1     2     2     4     6     8     0     1     0     1     1     2     1     1   784     0
   256     2     8     1     7     1     3     5     0     1     1     1     1     3     0     0   544     0
   257     2     8     1     7     1     3     5     0     0     1     0     1     1     0     1   584     0
   258     2     5     0     1     3     5     7     0     0     0     0     0     2     0     0   627     0
   259     1     2     2     4     6     8     2     0     0     1     0     0     3     0     0   667     0
   260     1     2     2     4     6     8     2     0     1     0     0     1     1     0     1   597     0
   261     1     2     2     4     6     8     2     1     1     1     1     0     1     1     0   617     0
   262     1     3     1     6     8     2     4     1     0     1     0     1     2     0     1   541     0
   263     1     1     2     2     4     6     8     1     0     0     1     0     2     0     0   627     0
   264     1     4     1     8     2     4     6     1     0     0     1     0     2     0     0   612     0
   265     2     5     0     1     3     5     7     0     0     0     0     1     3     1     0   712     0
   266     2     6     2     3     5     7     1     0     1     0     1     0     2     0     1   597     0
   267     2     8     1     7     1     3     5     0     1     0     1     1     2     0     0   624     1
   268     2     8     1     7     1     3     5     0     0     0     0     1     1     0     1   635     0
   269     2     7     0     5     7     1     3     1     0     0     0     1     2     1     0  1224     0
   270     2     6     2     3     5     7     1     0     0     0     1     1     2     1     0   690     0
   271     2     8     1     7     1     3     5     0     1     0     0     0     2     0     1   610     0
   272     2     8     1     7     1     3     5     1     0     0     1     1     1     1     1   625     0
   273     2     5     0     1     3     5     7     1     1     1     1     0     2     0     1   776     1
   274     1     2     2     4     6     8     2     0     0     1     0     0     3     1     1   773     0
   275     1     3     1     6     8     2     4     1     0     1     0     0     2     1     0   744     0
   276     2     6     2     3     5     7     1     0     1     0     0     0     3     1     1   608     0
   277     2     6     2     3     5     7     1     1     1     1     1     1     1     1     0   581     0
   278     2     5     0     1     3     5     7     0     1     0     1     0     2     1     0   636     1
   279     1     4     1     8     2     4     6     1     1     1     1     0     3     1     0   644     0
   280     1     4     1     8     2     4     6     0     0     1     1     0     1     1     1   759     0
   281     1     4     1     8     2     4     6     1     1     0     0     0     1     1     1   591     0
   282     1     4     1     8     2     4     6     0     1     1     0     0     1     1     0   714     0
   283     2     6     2     3     5     7     1     0     1     1     1     1     3     0     0   504     0
   284     2     6     2     3     5     7     1     0     0     1     1     1     1     0     1   565     0
   285     2     5     0     1     3     5     7     1     0     0     0     0     2     1     0   650     0
   286     1     4     1     8     2     4     6     1     1     1     0     0     3     0     1   522     0
   287     1     1     2     2     4     6     8     1     0     1     0     1     2     0     1   520     0
   288     1     1     2     2     4     6     8     0     1     1     0     1     1     1     1   676     0
   289     2     7     0     5     7     1     3     1     1     1     0     0     3     1     0   554     1
   290     2     7     0     5     7     1     3     1     0     1     0     1     1     0     1   641     0
   291     1     1     2     2     4     6     8     0     0     1     0     0     3     1     0   787     1
   292     1     1     2     2     4     6     8     1     0     1     1     0     1     1     0   607     0
   293     1     2     2     4     6     8     2     1     1     0     0     1     2     0     1   729     0
   294     1     1     2     2     4     6     8     0     0     1     0     1     2     1     1   695     0
   295     2     8     1     7     1     3     5     0     0     1     0     0     3     0     0   572     0
   296     2     8     1     7     1     3     5     1     0     1     0     1     1     1     0   493     0
   297     1     4     1     8     2     4     6     0     0     0     0     0     3     1     0   580     0
   298     1     1     2     2     4     6     8     1     0     1     0     1     2     1     0   624     0
   299     1     2     2     4     6     8     2     0     0     1     0     0     2     1     0   850     0
   300     2     7     0     5     7     1     3     0     1     1     1     0     3     0     1   842     0
   301     2     7     0     5     7     1     3     0     0     1     1     0     1     0     1   683     0
   302     2     7     0     5     7     1     3     0     1     1     0     0     1     0     1   681     0
   303     1     4     1     8     2     4     6     1     1     0     1     1     3     1     0   614     0
   304     1     4     1     8     2     4     6     0     1     1     0     1     1     1     0   573     0
   305     2     6     2     3     5     7     1     0     0     0     1     0     3     0     1   734     0
   306     2     6     2     3     5     7     1     0     1     1     0     1     1     0     1   673     0
   307     2     6     2     3     5     7     1     0     1     1     1     0     1     0     0   514     0
   308     1     1     2     2     4     6     8     1     0     0     0     1     3     1     1   475     0
   309     1     3     1     6     8     2     4     0     0     1     1     1     2     1     0   626     0
   310     1     3     1     6     8     2     4     1     1     0     1     0     1     1     1   560     1
   311     2     5     0     1     3     5     7     0     0     1     1     1     3     1     1   869     1
   312     2     5     0     1     3     5     7     0     0     0     1     1     1     0     0   730     0
   313     1     2     2     4     6     8     2     1     0     1     0     0     3     1     0   663     0
   314     1     2     2     4     6     8     2     0     1     1     0     1     1     1     1   591     0
   315     2     5     0     1     3     5     7     0     1     1     1     1     3     0     0   580     0
   316     2     5     0     1     3     5     7     1     1     0     0     1     1     1     0   578     0
   317     1     4     1     8     2     4     6     0     0     1     0     0     3     1     1   450     0
   318     1     4     1     8     2     4     6     0     0     0     0     0     1     0     0   529     0
   319     2     5     0     1     3     5     7     1     1     0     1     0     3     1     1   576     0
   320     2     5     0     1     3     5     7     0     0     1     0     1     1     1     1   699     1
   321     1     1     2     2     4     6     8     0     1     0     0     1     3     0     1   966     1
   322     1     2     2     4     6     8     2     0     0     1     0     0     2     0     1   770     1
   323     2     8     1     7     1     3     5     0     0     1     1     0     3     0     0   532     0
   324     2     8     1     7     1     3     5     1     0     1     1     1     1     1     0   522     0
   325     2     6     2     3     5     7     1     0     0     1     0     0     2     1     0   529     0
   326     2     6     2     3     5     7     1     0     0     0     0     0     1     0     0   474     0
   327     1     3     1     6     8     2     4     1     1     1     0     0     3     1     1   697     0
   328     1     4     1     8     2     4     6     0     1     1     0     1     2     1     0   568     0
   329     2     8     1     7     1     3     5     1     1     1     1     0     3     1     0   707     0
   330     2     7     0     5     7     1     3     0     0     0     0     1     2     1     1   768     0
   331     1     1     2     2     4     6     8     1     0     0     0     0     3     1     0   708     0
   332     1     1     2     2     4     6     8     0     1     1     0     0     1     1     1   701     0
   333     2     5     0     1     3     5     7     1     0     0     1     1     3     1     1   912     1
   334     2     5     0     1     3     5     7     1     1     0     0     1     1     0     1   873     0
   335     1     2     2     4     6     8     2     0     1     1     0     0     3     1     0   727     1
   336     1     2     2     4     6     8     2     0     1     0     0     0     1     0     0   567     0
   337     1     1     2     2     4     6     8     0     0     0     1     1     2     0     1   688     0
   338     1     1     2     2     4     6     8     0     0     0     0     1     1     0     0   483     0
   339     2     5     0     1     3     5     7     0     1     1     0     1     3     0     1   775     1
   340     2     5     0     1     3     5     7     1     0     0     1     1     1     1     1   681     0
   341     2     8     1     7     1     3     5     1     0     0     0     0     2     0     0   759     0
   342     2     8     1     7     1     3     5     1     1     0     1     0     1     0     1   474     0
   343     1     2     2     4     6     8     2     0     1     1     0     1     3     1     0   544     0
   344     2     5     0     1     3     5     7     1     1     1     0     0     3     1     0   502     0
   345     1     3     1     6     8     2     4     1     1     1     0     1     3     0     0   502     0
   346     1     4     1     8     2     4     6     0     1     1     1     1     2     1     0   510     0
   347     2     8     1     7     1     3     5     0     1     1     0     0     3     0     0   478     0
   348     2     8     1     7     1     3     5     1     0     0     0     0     1     1     1   588     0
   349     1     2     2     4     6     8     2     1     0     0     0     1     3     0     0   502     0
   350     1     2     2     4     6     8     2     1     0     1     1     0     1     0     0   517     1
   351     1     1     2     2     4     6     8     0     1     1     1     1     2     1     1   622     0
   352     1     1     2     2     4     6     8     0     0     0     0     1     1     0     1   647     0
   353     2     8     1     7     1     3     5     1     1     0     1     0     3     1     1   864     0
   354     2     8     1     7     1     3     5     0     0     1     0     0     1     1     1   506     0
   355     2     6     2     3     5     7     1     1     1     1     0     1     2     1     1   667     0
   356     2     7     0     5     7     1     3     0     1     0     1     1     2     1     0   490     0
   357     1     4     1     8     2     4     6     0     1     1     0     1     3     0     0   577     0
   358     1     4     1     8     2     4     6     1     0     1     1     0     1     1     1   546     1
   359     2     6     2     3     5     7     1     1     1     0     0     1     3     0     1   610     1
   360     2     6     2     3     5     7     1     0     1     0     0     0     1     1     0   678     1
   361     1     2     2     4     6     8     2     0     1     0     0     1     3     0     0   603     0
   362     2     7     0     5     7     1     3     1     1     1     1     0     3     1     0   557     0
   363     1     2     2     4     6     8     2     1     0     1     0     1     3     0     1   928     1
   364     1     2     2     4     6     8     2     1     0     1     1     1     1     0     0   977     0
   365     2     7     0     5     7     1     3     0     1     1     1     0     3     1     1   593     0
   366     2     7     0     5     7     1     3     1     1     0     1     1     1     1     0   597     0
   367     2     6     2     3     5     7     1     1     1     1     0     1     2     0     0   638     0
   368     2     6     2     3     5     7     1     1     0     1     0     0     1     0     1   600     0
   369     2     7     0     5     7     1     3     0     1     1     1     1     2     1     1   861     0
   370     2     7     0     5     7     1     3     0     1     1     1     1     1     0     0   601     0
   371     2     6     2     3     5     7     1     0     1     1     0     0     2     0     0   662     0
   372     1     3     1     6     8     2     4     1     0     0     0     0     3     1     1   578     0
   373     2     5     0     1     3     5     7     1     1     1     0     1     3     0     1   614     0
   374     2     7     0     5     7     1     3     1     0     0     0     0     2     0     1   669     0
   375     2     8     1     7     1     3     5     0     1     1     1     1     2     1     1   728     0
   376     2     6     2     3     5     7     1     0     0     1     1     1     2     0     1   640     0
   377     2     5     0     1     3     5     7     0     1     0     0     0     2     0     1   796     0
   378     2     5     0     1     3     5     7     0     0     1     0     1     1     0     1   604     0
   379     2     6     2     3     5     7     1     0     1     1     0     1     2     0     1   598     0
   380     2     6     2     3     5     7     1     1     0     0     0     0     1     1     1   545     1
   381     1     2     2     4     6     8     2     0     1     1     1     0     3     1     1   613     0
   382     1     2     2     4     6     8     2     0     0     0     1     1     1     0     1   539     0
   383     2     8     1     7     1     3     5     0     0     0     1     1     3     0     0   959     1
   384     2     5     0     1     3     5     7     1     1     0     0     1     2     1     1   760     0
   385     2     5     0     1     3     5     7     1     1     0     1     1     1     0     0   718     0
   386     2     8     1     7     1     3     5     1     0     0     1     0     2     0     1   588     0
   387     2     6     2     3     5     7     1     1     0     0     0     1     2     0     0   597     0
   388     2     6     2     3     5     7     1     1     1     1     0     1     1     0     1   548     0
   389     2     8     1     7     1     3     5     0     1     0     0     1     2     1     0   905     0
   390     1     1     2     2     4     6     8     1     0     0     1     1     3     1     1   652     0
   391     1     2     2     4     6     8     2     1     0     0     0     0     2     0     0   656     1
   392     1     2     2     4     6     8     2     1     1     0     0     0     1     0     1   549     0
   393     1     4     1     8     2     4     6     1     1     1     0     0     2     0     0   654     0
   394     1     4     1     8     2     4     6     0     0     1     1     0     1     1     1   765     1
   395     1     1     2     2     4     6     8     1     0     1     1     1     2     1     0   658     0
   396     1     1     2     2     4     6     8     1     1     1     1     0     1     0     1   550     0
   397     2     8     1     7     1     3     5     0     0     1     1     0     3     1     1   903     0
   398     1     1     2     2     4     6     8     1     0     1     1     1     3     1     0   829     1
   399     2     6     2     3     5     7     1     1     1     0     0     0     3     0     1   669     0
   400     2     6     2     3     5     7     1     1     0     1     1     0     1     0     1   549     0
   401     2     6     2     3     5     7     1     0     1     1     0     1     1     1     1   605     0
   402     2     6     2     3     5     7     1     0     1     0     1     1     1     0     0   665     0
   403     2     8     1     7     1     3     5     0     1     1     0     1     2     0     0   848     0
   404     1     3     1     6     8     2     4     0     0     0     0     0     3     0     1   576     0
   405     1     2     2     4     6     8     2     0     0     1     1     0     2     0     0  1500     2
   406     1     2     2     4     6     8     2     1     0     0     0     1     1     1     0   798     0
   407     2     5     0     1     3     5     7     0     1     1     1     0     3     1     1   892     0
   408     2     5     0     1     3     5     7     1     1     0     0     0     1     1     0   524     0
   409     2     6     2     3     5     7     1     0     1     1     0     0     2     1     0   617     0
   410     2     6     2     3     5     7     1     0     1     0     1     1     1     0     0   441     0
   411     1     4     1     8     2     4     6     0     1     0     0     0     3     0     0   608     0
   412     1     3     1     6     8     2     4     1     0     0     1     1     2     1     1   834     1
   413     2     7     0     5     7     1     3     1     1     1     0     1     3     0     1   441     0
   414     2     7     0     5     7     1     3     1     0     0     0     1     1     0     1   463     0
   415     2     6     2     3     5     7     1     0     1     0     1     0     2     1     1   557     0
   416     1     1     2     2     4     6     8     0     1     0     1     0     3     0     0   502     0
   417     1     2     2     4     6     8     2     0     1     0     0     0     2     0     0   489     0
   418     1     2     2     4     6     8     2     0     1     0     0     0     1     0     0   475     0
   419     2     6     2     3     5     7     1     1     1     0     1     0     3     1     0   537     0
   420     2     5     0     1     3     5     7     1     1     1     1     1     2     0     0   564     0
   421     2     6     2     3     5     7     1     1     0     1     0     1     2     0     1   473     0
   422     2     6     2     3     5     7     1     0     1     1     1     0     1     1     1   425     0
   423     2     6     2     3     5     7     1     1     0     1     0     0     1     1     1   614     1
   424     1     1     2     2     4     6     8     0     1     0     1     0     3     1     1   627     0
   425     2     6     2     3     5     7     1     1     1     0     1     1     3     1     0   473     0
   426     2     6     2     3     5     7     1     0     1     0     0     1     1     1     0   509     0
   427     2     7     0     5     7     1     3     1     1     0     1     0     2     1     0   653     0
   428     2     6     2     3     5     7     1     0     0     1     0     0     2     1     1   679     0
   429     1     1     2     2     4     6     8     1     1     1     1     1     3     1     1   437     0
   430     1     3     1     6     8     2     4     0     1     1     0     0     2     1     0   788     0
   431     1     2     2     4     6     8     2     0     0     0     1     0     2     0     1   515     0
   432     1     4     1     8     2     4     6     1     1     0     0     0     2     1     1   486     0
   433     2     5     0     1     3     5     7     1     0     0     1     1     3     0     1   766     0
   434     2     5     0     1     3     5     7     0     1     1     0     1     1     1     1   507     0
   435     1     4     1     8     2     4     6     0     1     1     1     1     3     0     0   535     0
   436     1     1     2     2     4     6     8     1     1     1     1     0     2     1     0   488     0
   437     1     4     1     8     2     4     6     0     1     1     1     0     2     1     0   595     1
   438     1     1     2     2     4     6     8     1     0     0     0     1     2     1     1   578     0
   439     2     7     0     5     7     1     3     1     1     1     0     1     3     0     1   482     0
   440     2     6     2     3     5     7     1     0     1     0     0     0     2     1     0   584     0
   441     1     2     2     4     6     8     2     1     0     1     1     1     3     1     1   648     0
   442     1     3     1     6     8     2     4     0     1     1     0     0     2     1     1   507     0
   443     1     4     1     8     2     4     6     0     0     0     1     0     2     0     1   582     0
   444     1     4     1     8     2     4     6     1     0     0     0     0     1     1     0   458     0
   445     2     5     0     1     3     5     7     0     0     0     1     1     3     1     0   771     0
   446     2     6     2     3     5     7     1     1     0     0     0     0     2     1     0   505     0
   447     1     1     2     2     4     6     8     1     0     0     0     1     3     0     0   501     0
   448     1     1     2     2     4     6     8     1     0     1     1     0     1     0     0   480     0
   449     2     8     1     7     1     3     5     1     0     0     1     1     3     0     0   544     0
   450     1     3     1     6     8     2     4     0     1     1     0     1     3     1     1   672     0
   451     2     7     0     5     7     1     3     0     0     0     1     1     3     0     1   479     0
   452     2     7     0     5     7     1     3     1     1     1     1     1     1     1     1   420     0
   453     1     2     2     4     6     8     2     1     1     0     1     1     3     0     0   453     0
   454     1     2     2     4     6     8     2     0     0     1     0     0     1     1     1   563     1
   455     2     7     0     5     7     1     3     0     0     1     1     1     3     0     0   606     0
   456     2     7     0     5     7     1     3     0     0     1     0     1     1     0     0   572     0
   457     2     6     2     3     5     7     1     1     0     0     1     1     2     1     0   681     0
   458     2     6     2     3     5     7     1     0     1     0     0     1     1     1     1   605     0
   459     1     2     2     4     6     8     2     0     1     1     0     1     3     0     0   506     0
   460     2     7     0     5     7     1     3     1     0     0     0     0     3     1     1   530     0
   461     1     1     2     2     4     6     8     0     1     0     0     1     3     1     1   663     0
   462     1     4     1     8     2     4     6     1     1     0     0     0     2     1     0   576     1
   463     1     4     1     8     2     4     6     1     0     1     1     0     1     0     1   620     0
   464     2     5     0     1     3     5     7     1     1     1     0     0     3     0     1   485     0
   465     1     4     1     8     2     4     6     1     0     1     0     1     3     0     1   726     0
   466     1     2     2     4     6     8     2     0     0     1     1     0     2     1     0   600     1
   467     2     7     0     5     7     1     3     1     1     1     1     0     3     1     1   684     0
   468     2     7     0     5     7     1     3     1     1     0     0     1     1     0     0   478     0
   469     1     3     1     6     8     2     4     1     1     1     1     1     3     0     0   460     0
   470     1     4     1     8     2     4     6     0     0     1     1     1     2     1     1   642     0
   471     1     1     2     2     4     6     8     0     1     1     0     1     2     0     1   547     0
   472     2     8     1     7     1     3     5     0     0     0     1     0     3     0     1   534     0
   473     1     4     1     8     2     4     6     1     1     1     0     0     3     1     1   622     0
   474     1     3     1     6     8     2     4     1     1     1     0     1     2     0     0   530     0
   475     1     4     1     8     2     4     6     0     0     0     1     0     2     1     1   611     0
   476     1     4     1     8     2     4     6     0     1     1     0     1     1     0     1   559     1
   477     1     4     1     8     2     4     6     1     1     1     0     1     1     1     0   562     0
   478     1     4     1     8     2     4     6     1     1     0     0     1     1     0     0   504     0
   479     1     1     2     2     4     6     8     1     1     0     0     0     2     0     0   529     0
   480     1     2     2     4     6     8     2     0     0     1     0     1     2     1     1   739     0
   481     1     1     2     2     4     6     8     0     1     1     0     0     2     0     1   494     0
   482     1     2     2     4     6     8     2     1     1     0     0     1     2     1     0   620     0
   483     2     7     0     5     7     1     3     1     0     1     1     1     3     0     1   593     0
   484     2     7     0     5     7     1     3     1     0     1     1     1     1     0     0   500     0
   485     2     6     2     3     5     7     1     0     0     0     1     1     2     1     0   648     1
   486     2     6     2     3     5     7     1     1     1     0     0     1     1     1     1   498     0
   487     1     3     1     6     8     2     4     0     1     1     0     0     3     1     0   598     0
   488     1     3     1     6     8     2     4     1     0     1     1     0     1     1     1   489     0
   489     1     2     2     4     6     8     2     1     0     1     1     0     2     0     0   796     0
   490     1     3     1     6     8     2     4     1     1     0     1     1     2     0     1   423     0
   491     1     1     2     2     4     6     8     0     0     1     1     0     2     1     1   655     0
   492     2     8     1     7     1     3     5     0     0     1     0     0     3     0     0   634     0
   493     1     3     1     6     8     2     4     1     1     1     0     0     3     1     1   509     0
   494     1     3     1     6     8     2     4     0     1     0     1     1     1     1     0   526     0
   495     1     2     2     4     6     8     2     0     0     0     0     0     2     0     1   520     0
   496     1     2     2     4     6     8     2     1     1     0     0     1     1     1     1   455     0
   497     1     1     2     2     4     6     8     0     0     0     1     0     2     1     1   791     1
   498     1     4     1     8     2     4     6     0     1     0     0     1     2     0     1   746     0
   499     2     5     0     1     3     5     7     1     0     1     0     0     3     1     1   662     0
   500     2     5     0     1     3     5     7     1     0     1     1     1     1     0     0   479     0
   501     2     5     0     1     3     5     7     1     1     0     0     0     1     0     1   533     0
   502     2     5     0     1     3     5     7     1     0     0     1     0     1     0     1   698     0
   503     2     6     2     3     5     7     1     0     1     0     1     1     2     1     1   502     0
   504     2     6     2     3     5     7     1     1     1     1     1     0     1     1     0   474     0
   505     2     6     2     3     5     7     1     0     0     0     1     1     1     1     1   449     0
   506     2     6     2     3     5     7     1     0     0     0     0     0     1     0     0   435     0
   507     1     1     2     2     4     6     8     1     1     1     1     1     3     1     1   645     0
   508     1     2     2     4     6     8     2     0     1     0     1     0     2     1     0   540     0
   509     1     1     2     2     4     6     8     1     1     0     0     0     2     1     0   715     0
   510     1     1     2     2     4     6     8     1     1     0     0     1     1     0     0   614     0
   511     2     8     1     7     1     3     5     0     1     1     0     1     3     1     0   645     0
   512     2     5     0     1     3     5     7     0     0     1     1     0     2     0     1   854     1
   513     2     5     0     1     3     5     7     1     1     0     1     1     1     1     1   822     0
   514     2     8     1     7     1     3     5     0     1     0     0     1     2     1     0   917     0
   515     1     4     1     8     2     4     6     1     0     1     0     0     3     1     1   598     0
   516     1     4     1     8     2     4     6     1     1     1     0     1     1     0     1   588     0
   517     1     1     2     2     4     6     8     1     0     0     1     0     2     0     1   509     0
   518     1     2     2     4     6     8     2     0     0     0     1     0     2     1     0   793     1
   519     1     2     2     4     6     8     2     0     1     1     0     1     1     0     1   579     0
   520     1     2     2     4     6     8     2     1     0     1     0     0     1     1     1   620     0
   521     1     3     1     6     8     2     4     1     0     0     1     1     2     0     0   527     0
   522     1     4     1     8     2     4     6     1     0     1     0     0     2     0     0   579     0
   523     1     3     1     6     8     2     4     0     1     0     0     0     2     1     1   601     1
   524     1     3     1     6     8     2     4     1     0     0     1     0     1     1     1   644     0
   525     1     4     1     8     2     4     6     1     1     1     0     0     2     0     1   549     0
   526     2     7     0     5     7     1     3     0     0     0     0     0     3     1     1   737     0
   527     1     2     2     4     6     8     2     0     0     1     0     0     3     0     0   659     0
   528     1     2     2     4     6     8     2     0     0     0     0     1     1     0     0   466     0
   529     2     6     2     3     5     7     1     0     1     1     0     0     3     0     1   596     0
   530     2     6     2     3     5     7     1     1     1     0     0     0     1     1     0   523     0
   531     2     6     2     3     5     7     1     1     0     1     1     0     1     0     1   549     1
   532     2     6     2     3     5     7     1     0     0     1     0     0     1     1     0   549     0
   533     1     3     1     6     8     2     4     0     1     0     0     1     3     0     1   552     0
   534     1     1     2     2     4     6     8     0     0     1     0     0     2     0     1   619     0
   535     2     6     2     3     5     7     1     0     1     0     1     0     3     0     1   441     0
   536     2     7     0     5     7     1     3     1     0     1     1     0     2     1     1   802     0
   537     2     6     2     3     5     7     1     0     1     0     0     0     2     1     1   471     0
   538     2     6     2     3     5     7     1     0     0     0     0     0     1     0     1   505     0
   539     2     6     2     3     5     7     1     0     0     1     1     0     1     0     0   491     0
   540     2     6     2     3     5     7     1     0     0     0     0     1     1     0     0   437     0
   541     1     1     2     2     4     6     8     0     0     0     1     1     3     0     0   602     0
   542     1     4     1     8     2     4     6     0     1     0     0     1     2     0     1   500     0
   543     1     1     2     2     4     6     8     1     0     1     1     1     2     1     1   575     0
   544     1     1     2     2     4     6     8     1     0     0     1     0     1     0     0   475     0
   545     2     8     1     7     1     3     5     0     0     0     1     1     3     1     0   569     0
   546     2     7     0     5     7     1     3     0     0     0     1     0     2     0     0   569     0
   547     2     6     2     3     5     7     1     1     1     1     1     0     2     1     1   521     0
   548     2     6     2     3     5     7     1     1     0     0     1     0     1     0     1   451     0
   549     1     2     2     4     6     8     2     1     0     1     1     1     3     0     0   572     0
   550     1     2     2     4     6     8     2     0     0     0     0     0     1     1     0   641     0
   551     2     6     2     3     5     7     1     0     0     0     0     1     3     0     0   513     0
   552     2     6     2     3     5     7     1     1     1     0     0     0     1     1     1   503     0
   553     2     7     0     5     7     1     3     1     1     0     1     0     2     0     0   513     0
   554     2     7     0     5     7     1     3     1     1     1     1     1     1     0     0   523     0
   555     2     5     0     1     3     5     7     1     0     1     1     1     2     0     1   574     0
   556     2     8     1     7     1     3     5     1     0     1     0     1     2     0     0   517     0
   557     1     4     1     8     2     4     6     0     0     1     0     0     3     1     0   471     0
   558     1     4     1     8     2     4     6     0     1     1     1     0     1     0     1   687     0
   559     2     7     0     5     7     1     3     0     0     1     1     1     3     0     1   537     0
   560     2     7     0     5     7     1     3     1     0     0     1     1     1     1     0   618     0
   561     2     7     0     5     7     1     3     1     0     1     0     0     1     0     0   504     0
   562     2     7     0     5     7     1     3     0     1     0     1     0     1     1     1   603     0
   563     2     6     2     3     5     7     1     1     1     1     1     1     2     1     0   549     0
   564     2     7     0     5     7     1     3     0     1     0     0     0     2     1     0   579     0
   565     2     6     2     3     5     7     1     0     0     0     1     1     2     0     1   475     0
   566     1     1     2     2     4     6     8     0     0     0     1     0     3     0     0   534     0
   567     1     2     2     4     6     8     2     1     1     1     0     1     2     1     1   426     0
   568     1     1     2     2     4     6     8     1     0     1     0     1     2     0     1   596     0
   569     1     3     1     6     8     2     4     1     1     0     1     1     2     0     1   673     0
   570     2     8     1     7     1     3     5     1     0     0     1     0     3     0     1   486     0
   571     2     6     2     3     5     7     1     1     0     0     0     0     2     0     0   716     1
   572     2     6     2     3     5     7     1     0     0     0     0     1     1     1     0   831     0
   573     1     2     2     4     6     8     2     0     1     0     1     0     3     0     1   494     0
   574     1     2     2     4     6     8     2     1     0     0     1     1     1     1     1   707     0
   575     2     6     2     3     5     7     1     0     0     0     1     1     3     1     0   789     1
   576     2     6     2     3     5     7     1     1     1     0     0     1     1     1     1   505     0
   577     1     2     2     4     6     8     2     1     0     0     0     0     3     0     1   614     0
   578     1     3     1     6     8     2     4     1     1     0     1     0     2     0     1   494     0
   579     1     1     2     2     4     6     8     0     1     1     0     0     2     1     0   599     0
   580     1     1     2     2     4     6     8     1     1     1     0     1     1     1     0   485     0
   581     2     8     1     7     1     3     5     0     0     0     1     0     3     1     1   518     0
   582     2     8     1     7     1     3     5     0     1     1     0     1     1     0     1   608     0
   583     2     5     0     1     3     5     7     1     0     1     0     0     2     1     1   614     0
   584     2     5     0     1     3     5     7     1     1     0     1     1     1     0     1   674     0
   585     2     7     0     5     7     1     3     1     1     0     0     1     2     0     0   581     0
   586     2     8     1     7     1     3     5     1     1     0     1     0     2     0     0   539     0
   587     2     5     0     1     3     5     7     0     1     1     0     0     2     1     0   564     0
   588     2     7     0     5     7     1     3     0     0     1     0     0     2     0     1   559     0
   589     2     5     0     1     3     5     7     0     0     1     0     0     2     0     0   601     0
   590     2     5     0     1     3     5     7     0     1     1     0     1     1     0     1   521     0
   591     1     1     2     2     4     6     8     1     1     1     1     1     3     1     0   581     0
   592     1     2     2     4     6     8     2     0     0     0     0     1     2     1     1   658     0
   593     2     5     0     1     3     5     7     1     1     0     0     1     3     1     1   573     0
   594     1     4     1     8     2     4     6     0     1     0     0     0     3     1     0  1056     1
   595     2     5     0     1     3     5     7     1     0     0     1     1     3     1     1   789     0
   596     2     5     0     1     3     5     7     1     1     1     0     1     1     0     1   608     1
   597     2     5     0     1     3     5     7     0     0     0     1     0     1     1     1   665     0
   598     2     5     0     1     3     5     7     0     1     1     1     1     1     0     1   499     0
   599     2     5     0     1     3     5     7     0     1     1     1     1     1     0     0   436     0
   600     2     5     0     1     3     5     7     1     1     0     1     1     1     1     0   453     0
   601     1     2     2     4     6     8     2     1     1     0     1     0     3     0     0   528     0
   602     1     2     2     4     6     8     2     1     0     1     1     0     1     0     1   538     1
   603     2     5     0     1     3     5     7     1     1     0     1     0     3     0     1   521     0
   604     2     6     2     3     5     7     1     0     1     0     0     1     2     1     0   580     0
   605     1     3     1     6     8     2     4     1     1     1     0     0     3     1     0   525     1
   606     1     2     2     4     6     8     2     0     1     1     1     1     2     1     0   452     0
   607     2     5     0     1     3     5     7     0     0     0     1     1     3     0     1   617     0
   608     2     8     1     7     1     3     5     1     1     0     0     1     2     1     1   681     1
   609     1     3     1     6     8     2     4     1     1     0     0     1     3     0     0   844     0
   610     1     3     1     6     8     2     4     0     1     0     0     0     1     1     0   593     0
   611     1     4     1     8     2     4     6     0     0     0     1     0     2     0     1   901     1
   612     1     4     1     8     2     4     6     0     1     0     0     0     1     0     1   509     0
   613     1     3     1     6     8     2     4     1     1     1     0     0     2     1     0   443     0
   614     1     3     1     6     8     2     4     0     0     1     1     0     1     1     1   607     1
   615     2     5     0     1     3     5     7     0     0     0     0     1     3     0     0   640     0
   616     2     5     0     1     3     5     7     1     1     0     0     0     1     1     1   587     0
   617     1     3     1     6     8     2     4     0     1     1     0     1     3     1     0   547     0
   618     2     6     2     3     5     7     1     1     1     0     1     1     3     1     0   512     0
   619     1     4     1     8     2     4     6     0     1     1     0     1     3     1     0   562     0
   620     1     1     2     2     4     6     8     1     0     1     1     1     2     1     1   551     0
   621     1     3     1     6     8     2     4     1     0     0     1     1     2     0     0   568     0
   622     2     6     2     3     5     7     1     0     0     0     1     0     3     1     0   740     0
   623     1     1     2     2     4     6     8     0     1     1     1     1     3     0     1   707     0
   624     1     1     2     2     4     6     8     1     0     1     0     1     1     1     1   831     0
   625     1     3     1     6     8     2     4     1     1     1     0     1     2     0     1   537     0
   626     1     3     1     6     8     2     4     1     0     0     1     0     1     0     1   701     0
   627     1     1     2     2     4     6     8     1     0     0     1     0     2     0     0   581     0
   628     2     8     1     7     1     3     5     0     0     1     0     0     3     1     0   842     0
   629     2     8     1     7     1     3     5     0     0     1     1     1     1     0     0   511     0
   630     2     8     1     7     1     3     5     0     0     1     0     1     1     0     0   448     0
   631     1     3     1     6     8     2     4     1     0     0     1     0     3     1     0   838     1
   632     1     3     1     6     8     2     4     0     0     0     1     0     1     1     0   634     0
   633     2     8     1     7     1     3     5     0     1     1     1     1     3     0     1   578     0
   634     2     5     0     1     3     5     7     1     0     0     0     1     2     1     1   726     0
   635     1     3     1     6     8     2     4     0     1     1     0     0     3     1     1   525     0
   636     1     3     1     6     8     2     4     1     1     0     1     1     1     1     0   556     0
   637     2     7     0     5     7     1     3     1     0     0     1     1     3     0     1   490     0
   638     1     4     1     8     2     4     6     0     1     0     0     1     3     1     1   580     0
   639     1     4     1     8     2     4     6     0     1     1     1     1     1     0     0   706     0
   640     1     3     1     6     8     2     4     1     1     0     0     0     2     1     0   516     1
   641     2     7     0     5     7     1     3     0     0     0     0     1     3     1     1   728     0
   642     2     5     0     1     3     5     7     1     1     0     0     0     2     1     1   569     0
   643     2     7     0     5     7     1     3     0     0     0     0     1     2     1     1   571     0
   644     1     2     2     4     6     8     2     0     1     0     1     1     3     0     1   677     0
   645     2     7     0     5     7     1     3     0     1     1     0     1     3     0     0   539     0
   646     2     7     0     5     7     1     3     0     0     0     0     0     1     0     1   520     0
   647     1     3     1     6     8     2     4     0     0     1     1     1     3     0     0   576     0
   648     1     3     1     6     8     2     4     0     1     1     0     0     1     0     1   440     0
   649     2     5     0     1     3     5     7     0     0     0     1     0     3     0     1   655     0
   650     1     2     2     4     6     8     2     1     0     1     1     1     3     1     0   579     1
   651     2     5     0     1     3     5     7     1     1     0     0     0     3     0     1   864     0
   652     2     5     0     1     3     5     7     0     1     0     0     0     1     1     0   639     0
   653     2     5     0     1     3     5     7     1     1     1     1     0     1     1     0   428     0
   654     2     6     2     3     5     7     1     1     1     1     0     0     2     0     0   504     0
   655     2     5     0     1     3     5     7     1     0     1     0     0     2     0     1   605     1
   656     2     5     0     1     3     5     7     0     0     0     0     0     1     1     0   564     0
   657     1     4     1     8     2     4     6     1     0     1     0     0     3     1     0   699     0
   658     1     4     1     8     2     4     6     0     1     1     0     1     1     1     1   488     0
   659     1     3     1     6     8     2     4     1     1     1     1     1     2     1     0   586     0
   660     1     3     1     6     8     2     4     1     0     0     0     0     1     0     1   537     0
   661     1     1     2     2     4     6     8     0     1     0     1     0     2     1     1   557     0
   662     2     6     2     3     5     7     1     1     0     0     1     1     3     1     1   657     0
   663     2     7     0     5     7     1     3     1     1     0     1     1     2     0     1   448     0
   664     1     4     1     8     2     4     6     0     1     0     0     0     3     1     0   684     1
   665     2     8     1     7     1     3     5     1     0     1     1     1     3     1     1   617     0
   666     2     5     0     1     3     5     7     0     1     1     0     0     2     1     1   641     0
   667     2     7     0     5     7     1     3     0     0     0     0     1     2     0     1   701     0
   668     2     7     0     5     7     1     3     1     1     1     0     1     1     1     1   594     0
   669     1     1     2     2     4     6     8     1     1     1     0     1     3     0     0   503     0
   670     1     1     2     2     4     6     8     0     1     1     0     1     1     1     0   479     0
   671     1     2     2     4     6     8     2     1     1     1     0     0     2     1     0   595     0
   672     1     2     2     4     6     8     2     0     1     1     0     1     1     1     0   477     0
   673     2     6     2     3     5     7     1     0     0     1     1     0     3     0     1   600     0
   674     2     8     1     7     1     3     5     1     0     0     1     1     2     1     0   634     0
   675     1     3     1     6     8     2     4     1     1     1     1     0     3     0     1   592     0
   676     1     3     1     6     8     2     4     1     1     0     1     1     1     0     0   777     0
   677     2     7     0     5     7     1     3     1     1     0     1     1     3     0     0   515     0
   678     2     7     0     5     7     1     3     1     0     0     1     1     1     0     1   599     0
   679     2     6     2     3     5     7     1     0     0     1     0     0     2     1     0   639     1
   680     2     6     2     3     5     7     1     0     1     1     0     1     1     0     1   481     0
   681     1     2     2     4     6     8     2     1     1     0     0     1     3     1     0   718     0
   682     1     4     1     8     2     4     6     0     0     0     1     1     2     1     1   626     0
   683     1     2     2     4     6     8     2     0     1     0     0     0     2     0     1   481     0
   684     1     2     2     4     6     8     2     1     0     1     0     1     1     1     1   573     0
   685     1     3     1     6     8     2     4     1     1     1     1     1     2     0     1   503     0
   686     1     1     2     2     4     6     8     0     1     0     1     1     2     1     0   711     0
   687     1     2     2     4     6     8     2     1     1     0     1     1     2     1     0   550     0
   688     1     2     2     4     6     8     2     1     0     0     1     0     1     0     1   515     0
   689     2     7     0     5     7     1     3     0     1     0     0     0     3     1     1   836     0
   690     1     2     2     4     6     8     2     1     1     1     1     1     3     1     0   661     0
   691     2     8     1     7     1     3     5     0     1     1     1     1     3     1     0   549     0
   692     2     8     1     7     1     3     5     0     1     1     1     1     1     0     0   510     0
   693     1     1     2     2     4     6     8     0     0     0     1     1     3     0     1   508     0
   694     1     3     1     6     8     2     4     0     1     0     0     1     2     0     1   468     0
   695     2     8     1     7     1     3     5     1     0     1     1     0     3     1     1   524     0
   696     2     8     1     7     1     3     5     1     1     0     0     0     1     0     1   615     1
   697     1     3     1     6     8     2     4     0     1     1     1     0     3     1     0   585     0
   698     1     2     2     4     6     8     2     1     0     0     1     1     2     1     1   725     0
   699     1     1     2     2     4     6     8     1     0     0     1     0     2     0     0   543     1
   700     1     1     2     2     4     6     8     0     1     0     0     1     1     1     1   665     0
   701     2     7     0     5     7     1     3     0     1     1     1     0     3     0     0   461     0
   702     2     7     0     5     7     1     3     0     0     0     0     1     1     0     1   687     0
   703     2     8     1     7     1     3     5     0     0     0     1     0     2     0     0   494     0
   704     2     8     1     7     1     3     5     0     0     0     1     0     1     0     0   571     0
   705     2     7     0     5     7     1     3     0     0     1     1     0     2     0     0   535     0
   706     2     8     1     7     1     3     5     1     1     0     1     0     2     1     1   535     0
   707     1     3     1     6     8     2     4     0     1     1     0     0     3     1     0   499     0
   708     1     3     1     6     8     2     4     1     0     0     1     0     1     1     1   572     0
   709     1     3     1     6     8     2     4     0     0     1     0     0     1     1     0   512     0
   710     1     3     1     6     8     2     4     0     1     1     0     1     1     0     1   443     0
   711     1     2     2     4     6     8     2     0     1     1     1     0     2     0     0   528     0
   712     2     5     0     1     3     5     7     1     0     1     1     1     3     1     1   604     0
   713     2     6     2     3     5     7     1     0     0     1     1     0     2     1     0   836     1
   714     2     8     1     7     1     3     5     0     0     0     0     1     2     0     0   702     0
   715     1     1     2     2     4     6     8     1     1     0     0     1     3     1     1   548     0
   716     1     1     2     2     4     6     8     1     1     0     0     0     1     0     0   557     0
   717     2     8     1     7     1     3     5     0     1     1     1     0     3     1     0   634     0
   718     2     8     1     7     1     3     5     0     1     1     0     0     1     0     0   519     0
   719     2     8     1     7     1     3     5     1     0     0     0     1     1     1     1   524     0
   720     2     8     1     7     1     3     5     1     0     1     0     1     1     0     0   485     0
   721     2     7     0     5     7     1     3     1     1     1     0     1     2     0     1   724     0
   722     2     7     0     5     7     1     3     1     1     0     0     1     1     0     0   485     0
   723     1     3     1     6     8     2     4     1     1     0     1     0     3     0     0   718     1
   724     1     4     1     8     2     4     6     0     0     1     1     1     2     1     1   633     0
   725     2     8     1     7     1     3     5     0     1     0     0     0     3     0     1   511     0
   726     2     8     1     7     1     3     5     1     0     0     1     0     1     1     1   543     0
   727     1     1     2     2     4     6     8     0     1     0     0     1     3     1     1   625     0
   728     1     1     2     2     4     6     8     0     0     1     0     1     1     0     1   517     1
   729     2     8     1     7     1     3     5     1     0     0     1     1     3     1     0   783     1
   730     2     8     1     7     1     3     5     0     1     1     1     1     1     1     1   844     0
   731     2     5     0     1     3     5     7     1     0     1     0     0     2     1     1   698     0
   732     2     6     2     3     5     7     1     1     0     1     0     0     2     0     0   711     1
   733     1     4     1     8     2     4     6     0     0     0     0     0     3     1     0   568     0
   734     1     1     2     2     4     6     8     1     0     1     0     1     2     1     0   802     0
   735     1     1     2     2     4     6     8     0     0     1     0     0     1     1     0   460     0
   736     2     6     2     3     5     7     1     1     0     1     0     1     3     1     0   505     0
   737     1     2     2     4     6     8     2     0     1     1     0     0     3     1     1   753     0
   738     1     2     2     4     6     8     2     1     0     0     0     0     1     1     1   707     0
   739     2     7     0     5     7     1     3     0     0     0     1     0     3     1     0   593     0
   740     2     5     0     1     3     5     7     1     0     1     0     0     2     1     0   535     1
   741     1     2     2     4     6     8     2     1     0     0     0     0     3     0     0   869     0
   742     1     2     2     4     6     8     2     0     1     1     1     1     1     1     1   571     0
   743     2     8     1     7     1     3     5     1     0     1     1     0     3     1     1   653     0
   744     2     5     0     1     3     5     7     0     0     0     0     0     2     1     0   498     0
   745     2     7     0     5     7     1     3     1     1     0     1     0     2     1     1   560     0
   746     2     7     0     5     7     1     3     1     0     1     1     0     1     0     1   553     0
   747     2     6     2     3     5     7     1     0     1     0     0     0     2     1     1  1005     0
   748     2     6     2     3     5     7     1     0     1     1     0     0     1     0     0   483     0
   749     2     8     1     7     1     3     5     0     1     0     1     1     2     0     0   504     0
   750     2     8     1     7     1     3     5     1     0     1     0     0     1     1     1   573     0
   751     1     1     2     2     4     6     8     0     1     0     1     1     3     1     1   514     0
   752     1     1     2     2     4     6     8     1     1     1     1     1     1     1     0   627     0
   753     2     6     2     3     5     7     1     0     0     0     1     1     3     1     1   727     0
   754     1     3     1     6     8     2     4     1     0     1     0     0     3     1     0   641     0
   755     1     3     1     6     8     2     4     1     1     0     1     1     1     0     1   703     0
   756     1     3     1     6     8     2     4     1     1     0     1     1     1     0     0   535     0
   757     1     4     1     8     2     4     6     0     0     0     1     1     2     1     1   657     0
   758     1     4     1     8     2     4     6     1     0     1     0     1     1     1     0   599     0
   759     1     3     1     6     8     2     4     1     1     1     0     1     2     0     1   595     0
   760     2     8     1     7     1     3     5     1     0     0     0     1     3     0     1   478     0
   761     2     5     0     1     3     5     7     0     0     1     1     1     2     1     0   797     0
   762     2     6     2     3     5     7     1     1     1     0     1     0     2     1     1   477     0
   763     1     3     1     6     8     2     4     1     1     0     0     0     3     0     0   570     0
   764     1     3     1     6     8     2     4     1     1     1     1     0     1     0     0   462     0
   765     1     3     1     6     8     2     4     0     1     1     1     1     1     1     0   509     0
   766     1     3     1     6     8     2     4     0     0     1     0     1     1     0     1   634     0
   767     2     8     1     7     1     3     5     0     1     0     0     0     3     0     1   501     0
   768     2     8     1     7     1     3     5     0     0     1     0     1     1     0     1   615     0
   769     2     8     1     7     1     3     5     0     1     0     0     1     1     0     1   510     0
   770     2     8     1     7     1     3     5     0     0     0     0     1     1     0     1   568     0
   771     1     3     1     6     8     2     4     0     1     0     0     0     3     0     1   660     0
   772     1     2     2     4     6     8     2     0     1     0     0     0     2     0     0   516     0
   773     1     4     1     8     2     4     6     0     0     0     0     1     2     0     1   567     0
   774     1     1     2     2     4     6     8     1     1     0     0     0     2     1     1   592     0
   775     2     6     2     3     5     7     1     1     1     0     1     0     3     0     0   511     0
   776     2     6     2     3     5     7     1     0     1     0     0     1     1     1     0   480     0
   777     2     7     0     5     7     1     3     0     1     0     0     1     2     0     0   499     0
   778     2     8     1     7     1     3     5     0     0     1     0     1     2     0     1   462     0
   779     2     7     0     5     7     1     3     0     1     0     0     1     2     0     1   511     0
   780     1     2     2     4     6     8     2     0     0     1     0     0     3     0     1   598     0
   781     1     2     2     4     6     8     2     0     0     1     0     0     1     0     0   581     0
   782     1     2     2     4     6     8     2     1     1     0     1     1     1     1     1   434     0
   783     2     8     1     7     1     3     5     0     1     0     1     0     3     1     0   519     0
   784     1     1     2     2     4     6     8     1     1     1     1     1     3     1     0   632     1
   785     1     2     2     4     6     8     2     1     1     0     0     0     2     0     0   744     0
   786     1     4     1     8     2     4     6     1     1     1     1     0     2     0     0   525     1
   787     1     4     1     8     2     4     6     0     1     1     1     0     1     1     0   615     0
   788     1     4     1     8     2     4     6     1     0     1     0     1     1     1     1   499     0
   789     2     6     2     3     5     7     1     0     0     1     0     0     3     1     0   478     1
   790     2     6     2     3     5     7     1     0     0     1     1     0     1     0     0   781     0
   791     1     2     2     4     6     8     2     1     0     1     0     1     3     1     0   651     1
   792     1     2     2     4     6     8     2     0     1     1     1     0     1     1     1   520     0
   793     2     8     1     7     1     3     5     1     0     1     0     0     3     1     1   494     0
   794     2     7     0     5     7     1     3     0     0     0     1     1     2     1     0   857     0
   795     2     8     1     7     1     3     5     1     1     1     0     1     2     1     1   482     0
   796     2     8     1     7     1     3     5     0     0     0     1     1     1     1     1   691     0
   797     2     5     0     1     3     5     7     0     1     0     1     1     2     0     1   516     0
   798     2     5     0     1     3     5     7     1     1     1     1     1     1     1     0   930     0
   799     2     8     1     7     1     3     5     0     0     0     0     0     2     1     1   455     0
   800     2     8     1     7     1     3     5     1     0     0     0     0     1     1     0   527     0
   801     2     7     0     5     7     1     3     0     0     1     1     1     2     1     0   696     1
   802     2     8     1     7     1     3     5     0     0     0     0     1     2     0     0   565     0
   803     2     7     0     5     7     1     3     1     1     1     1     1     2     1     1   614     0
   804     2     7     0     5     7     1     3     0     1     1     0     0     1     1     0   485     0
   805     2     8     1     7     1     3     5     1     1     0     0     1     2     1     0   702     0
   806     1     3     1     6     8     2     4     1     1     1     1     1     3     0     0   445     0
   807     2     7     0     5     7     1     3     0     0     0     1     1     3     1     1   652     0
   808     2     6     2     3     5     7     1     1     1     1     0     1     2     1     1   515     0
   809     2     5     0     1     3     5     7     1     1     0     0     1     2     0     0   541     0
   810     2     5     0     1     3     5     7     0     1     0     0     0     1     1     0   599     0
   811     1     3     1     6     8     2     4     0     0     0     0     1     3     0     1   564     0
   812     1     3     1     6     8     2     4     0     0     1     0     0     1     0     0   466     0
   813     2     7     0     5     7     1     3     0     1     1     0     0     3     0     1   518     0
   814     2     7     0     5     7     1     3     0     1     0     0     0     1     0     0   470     0
   815     1     1     2     2     4     6     8     1     0     1     1     0     3     1     1   547     0
   816     1     1     2     2     4     6     8     1     1     0     0     0     1     0     1   527     0
   817     1     2     2     4     6     8     2     1     0     1     1     1     2     0     1   492     0
   818     2     5     0     1     3     5     7     0     1     0     1     0     3     1     1   683     0
   819     1     1     2     2     4     6     8     1     1     0     1     1     3     1     0   550     0
   820     1     1     2     2     4     6     8     1     1     1     1     1     1     0     0   397     0
   821     1     1     2     2     4     6     8     0     0     1     1     1     1     1     1   584     0
   822     2     6     2     3     5     7     1     1     1     0     0     0     3     1     1   469     0
   823     2     5     0     1     3     5     7     1     0     1     1     1     2     0     1   536     0
   824     2     5     0     1     3     5     7     0     1     1     0     0     1     1     1   533     0
   825     1     3     1     6     8     2     4     0     0     0     1     0     3     0     1   572     0
   826     1     3     1     6     8     2     4     1     1     1     0     1     1     1     1   615     0
   827     1     4     1     8     2     4     6     1     0     0     0     0     2     0     1   467     0
   828     1     4     1     8     2     4     6     0     1     1     1     0     1     1     1   474     0
   829     1     1     2     2     4     6     8     0     0     0     1     1     2     0     1   828     0
   830     1     1     2     2     4     6     8     0     0     1     1     0     1     0     0   487     0
   831     1     4     1     8     2     4     6     1     0     0     0     0     2     1     0   577     0
   832     1     1     2     2     4     6     8     0     1     1     1     1     2     1     1   482     0
   833     2     6     2     3     5     7     1     1     0     1     0     1     3     1     1   493     0
   834     2     6     2     3     5     7     1     0     1     1     0     0     1     1     1   419     0
   835     1     3     1     6     8     2     4     0     0     0     0     1     3     0     1   544     1
   836     2     8     1     7     1     3     5     1     0     1     0     1     3     1     0   511     1
   837     1     3     1     6     8     2     4     0     1     0     0     1     3     1     1   627     0
   838     1     3     1     6     8     2     4     0     0     1     0     1     1     0     1   505     0
   839     1     3     1     6     8     2     4     1     0     1     0     0     1     1     0   469     0
   840     1     4     1     8     2     4     6     1     0     0     0     0     2     0     0   448     0
   841     2     8     1     7     1     3     5     1     1     1     0     1     3     0     1   458     0
   842     2     8     1     7     1     3     5     1     0     1     1     0     1     0     1   525     0
   843     1     4     1     8     2     4     6     1     1     0     0     0     3     0     1   592     0
   844     1     4     1     8     2     4     6     0     1     0     0     0     1     1     0   580     0
   845     2     8     1     7     1     3     5     0     0     1     1     1     3     0     1   525     0
   846     1     3     1     6     8     2     4     0     0     0     0     0     3     0     0   516     0
   847     1     4     1     8     2     4     6     1     1     1     0     0     2     1     1   490     0
   848     1     4     1     8     2     4     6     1     0     0     0     0     1     0     1   560     0
   849     2     6     2     3     5     7     1     1     0     0     0     0     3     0     0   539     0
   850     2     8     1     7     1     3     5     0     1     0     1     1     2     1     1   532     0
   851     1     4     1     8     2     4     6     1     0     1     1     0     3     1     1   471     0
   852     2     7     0     5     7     1     3     0     0     0     1     0     3     1     0   780     0
   853     1     3     1     6     8     2     4     0     1     0     1     1     3     0     1   522     0
   854     1     4     1     8     2     4     6     1     0     1     0     0     2     1     1   469     0
   855     1     3     1     6     8     2     4     1     0     1     1     1     2     0     0   596     0
   856     1     3     1     6     8     2     4     0     0     1     0     0     1     1     0   500     0
   857     2     5     0     1     3     5     7     1     0     1     0     0     3     1     0   469     0
   858     2     5     0     1     3     5     7     0     0     1     1     0     1     1     0   557     0
   859     1     2     2     4     6     8     2     1     1     1     0     1     3     1     1   499     0
   860     1     3     1     6     8     2     4     1     1     1     0     1     2     0     0   494     0
   861     2     7     0     5     7     1     3     0     0     0     0     1     3     1     1   659     1
   862     2     7     0     5     7     1     3     0     0     1     0     1     1     0     0   518     0
   863     2     8     1     7     1     3     5     1     1     0     1     0     2     1     1   606     0
   864     2     8     1     7     1     3     5     0     1     1     0     0     1     1     0   610     0
   865     1     2     2     4     6     8     2     1     1     0     0     1     3     1     0   576     0
   866     1     3     1     6     8     2     4     1     0     0     0     0     2     0     1   574     0
   867     1     4     1     8     2     4     6     0     0     1     1     1     2     1     0   609     0
   868     1     4     1     8     2     4     6     1     0     1     1     1     1     1     0   697     0
   869     1     4     1     8     2     4     6     1     1     1     0     1     1     0     1   465     0
   870     1     4     1     8     2     4     6     0     0     1     1     0     1     1     1   601     0
   871     1     4     1     8     2     4     6     1     1     1     1     0     1     1     1   502     0
   872     1     4     1     8     2     4     6     0     1     0     1     0     1     1     0   489     0
   873     2     8     1     7     1     3     5     0     0     0     0     0     3     0     1   735     0
   874     2     8     1     7     1     3     5     0     1     1     1     0     1     0     1   842     0
   875     1     2     2     4     6     8     2     0     0     0     0     0     3     0     1   916     0
   876     1     2     2     4     6     8     2     0     1     0     1     0     1     0     1   745     0
   877     2     6     2     3     5     7     1     0     0     1     0     0     3     0     1   740     1
   878     2     5     0     1     3     5     7     1     1     1     1     1     2     1     1   909     1
   879     2     5     0     1     3     5     7     0     0     0     1     1     1     1     1   616     0
   880     2     5     0     1     3     5     7     0     0     0     0     1     1     0     0   463     0
   881     2     5     0     1     3     5     7     1     0     0     0     1     1     1     0   485     0
   882     2     5     0     1     3     5     7     0     1     1     1     1     1     1     1   479     0
   883     1     2     2     4     6     8     2     1     1     1     0     0     3     1     0   543     0
   884     1     2     2     4     6     8     2     0     0     1     1     0     1     1     1   504     0
   885     1     3     1     6     8     2     4     1     1     1     0     0     2     1     1   568     0
   886     2     6     2     3     5     7     1     0     0     0     1     0     3     1     1   728     1
   887     2     6     2     3     5     7     1     0     0     1     1     0     1     0     0   664     0
   888     2     7     0     5     7     1     3     0     0     1     0     1     2     0     0   534     0
   889     2     6     2     3     5     7     1     1     1     1     1     1     2     1     1   535     0
   890     2     6     2     3     5     7     1     1     0     0     0     1     1     0     1   749     0
   891     1     3     1     6     8     2     4     0     0     0     0     1     3     1     0   714     0
   892     1     1     2     2     4     6     8     1     1     0     1     1     2     1     1   532     0
   893     1     1     2     2     4     6     8     0     0     1     0     0     1     1     1   584     0
   894     1     1     2     2     4     6     8     0     0     1     0     1     1     0     0   506     0
   895     1     3     1     6     8     2     4     0     1     0     0     1     2     0     1   536     0
   896     1     3     1     6     8     2     4     1     0     0     1     1     1     1     1   866     0
