     1     2     7     0     5     7     1     3     1     1     1     1     1     3     0     0  1500     2
     2     1     4     1     8     2     4     6     0     0     1     1     1     3     1     1   776     0
     3     2     7     0     5     7     1     3     0     1     0     0     0     3     0     1   773     1
     4     2     7     0     5     7     1     3     1     1     1     1     1     1     1     0   720     0
     5     1     2     2     4     6     8     2     1     1     0     1     0     3     0     0   664     0
     6     1     2     2     4     6     8     2     1     1     0     1     1     1     0     0   445     0
     7     2     8     1     7     1     3     5     1     1     1     0     1     3     0     0   471     0
     8     2     5     0     1     3     5     7     0     0     0     1     1     2     1     1   681     0
     9     1     1     2     2     4     6     8     0     1     0     1     1     3     0     1   754     1
    10     1     1     2     2     4     6     8     0     1     0     0     1     1     0     0   654     0
    11     1     3     1     6     8     2     4     1     0     1     1     0     2     1     1   804     0
    12     1     4     1     8     2     4     6     1     0     0     1     1     2     0     0   853     0
    13     1     2     2     4     6     8     2     0     1     1     0     1     2     1     1   706     0
    14     1     2     2     4     6     8     2     1     1     1     0     1     1     1     0   618     0
    15     2     6     2     3     5     7     1     1     1     0     0     1     3     0     0   515     1
    16     2     6     2     3     5     7     1     1     0     0     1     0     1     0     1   949     0
    17     1     3     1     6     8     2     4     0     0     1     0     0     3     1     0  1133     0
    18     1     3     1     6     8     2     4     1     0     1     1     1     1     1     0   564     0
    19     2     6     2     3     5     7     1     0     1     0     0     0     3     1     1   688     0
    20     2     6     2     3     5     7     1     1     1     1     1     1     1     1     0   602     0
    21     1     1     2     2     4     6     8     1     1     0     1     0     3     0     0   811     0
    22     1     1     2     2     4     6     8     1     1     0     0     1     1     0     0   440     0
    23     2     7     0     5     7     1     3     1     1     0     0     1     3     0     0   657     0
    24     2     7     0     5     7     1     3     0     1     1     1     0     1     1     0   863     0
    25     2     5     0     1     3     5     7     1     1     0     1     0     2     1     0   544     0
    26     2     5     0     1     3     5     7     0     1     0     1     0     1     1     0   487     0
    27     1     1     2     2     4     6     8     0     1     1     0     0     3     0     0   611     1
    28     1     1     2     2     4     6     8     0     1     0     0     1     1     0     0   486     0
    29     1     1     2     2     4     6     8     1     0     1     1     1     1     1     1   680     0
    30     1     1     2     2     4     6     8     1     0     1     1     1     1     0     0   581     0
    31     2     7     0     5     7     1     3     0     0     1     0     1     3     1     0   642     0
    32     2     6     2     3     5     7     1     1     1     1     0     1     2     1     1   867     1
    33     2     8     1     7     1     3     5     0     0     0     1     1     2     1     1  1001     0
    34     2     8     1     7     1     3     5     0     0     1     0     1     1     0     0   482     0
    35     2     6     2     3     5     7     1     0     1     0     0     0     2     0     1   481     0
    36     2     5     0     1     3     5     7     1     0     0     0     0     2     1     1   851     1
    37     2     8     1     7     1     3     5     1     1     1     0     0     2     0     1  1067     0
    38     2     8     1     7     1     3     5     0     0     1     1     0     1     1     1   643     0
    39     1     3     1     6     8     2     4     0     1     0     0     0     3     0     1   909     1
    40     1     3     1     6     8     2     4     0     1     0     0     0     1     0     0   683     0
    41     1     4     1     8     2     4     6     0     0     0     0     1     2     0     1   842     0
    42     2     7     0     5     7     1     3     1     1     1     0     1     3     1     1   910     0
    43     1     2     2     4     6     8     2     0     0     0     1     1     3     1     1   589     0
    44     1     2     2     4     6     8     2     0     1     1     0     1     1     0     1   654     0
    45     1     1     2     2     4     6     8     0     0     1     1     0     2     0     1   607     0
    46     1     1     2     2     4     6     8     0     1     1     0     1     1     0     1   825     0
    47     2     8     1     7     1     3     5     1     1     1     1     1     3     1     0   613     0
    48     2     8     1     7     1     3     5     1     1     0     0     1     1     0     0   529     1
    49     2     7     0     5     7     1     3     1     0     1     1     1     2     0     1   812     0
    50     2     8     1     7     1     3     5     1     0     1     1     1     2     0     0   673     1
    51     1     3     1     6     8     2     4     1     0     1     0     1     3     0     0   990     0
    52     2     6     2     3     5     7     1     0     1     1     0     0     3     1     1   621     0
    53     1     4     1     8     2     4     6     1     1     0     1     0     3     1     0   586     1
    54     2     7     0     5     7     1     3     1     1     0     1     1     3     0     0   934     0
    55     1     3     1     6     8     2     4     1     0     0     0     0     3     0     1   737     0
    56     1     4     1     8     2     4     6     1     0     0     0     0     2     0     0   573     0
    57     2     7     0     5     7     1     3     1     0     0     0     0     3     0     0   516     0
    58     2     7     0     5     7     1     3     1     0     1     0     1     1     0     0   560     0
    59     2     8     1     7     1     3     5     0     0     1     0     0     2     1     0   571     1
    60     2     5     0     1     3     5     7     1     0     1     1     1     2     1     0  1142     0
    61     2     5     0     1     3     5     7     1     0     0     1     1     1     0     0   569     0
    62     2     7     0     5     7     1     3     1     0     1     0     1     2     0     0   750     0
    63     1     2     2     4     6     8     2     1     1     0     0     1     3     0     1   570     0
    64     1     2     2     4     6     8     2     0     0     0     0     0     1     1     1   606     0
    65     2     5     0     1     3     5     7     0     0     1     1     1     3     0     0   986     0
    66     1     2     2     4     6     8     2     0     0     0     0     1     3     0     0   539     0
    67     1     1     2     2     4     6     8     1     0     0     0     1     2     1     0   582     0
    68     1     2     2     4     6     8     2     0     1     1     1     0     2     1     1   575     0
    69     1     1     2     2     4     6     8     1     1     1     1     0     2     1     0   631     0
    70     1     4     1     8     2     4     6     0     0     1     0     0     2     1     1   640     1
    71     1     2     2     4     6     8     2     1     1     0     1     0     2     1     1  1005     0
    72     1     3     1     6     8     2     4     0     0     0     0     1     2     1     1  1125     0
    73     1     3     1     6     8     2     4     1     1     1     0     0     1     1     1   755     0
    74     1     2     2     4     6     8     2     1     0     1     0     1     2     0     1   950     1
    75     2     7     0     5     7     1     3     0     0     1     0     1     3     1     0   885     0
    76     2     7     0     5     7     1     3     1     0     1     1     0     1     1     0   547     0
    77     2     6     2     3     5     7     1     1     0     1     1     1     2     0     0   811     0
    78     2     6     2     3     5     7     1     0     0     0     1     0     1     1     0   620     0
    79     1     4     1     8     2     4     6     1     0     0     0     1     3     1     0   745     0
    80     1     1     2     2     4     6     8     1     0     1     1     1     2     0     0   588     0
    81     2     6     2     3     5     7     1     1     1     1     0     1     3     0     1   540     0
    82     2     5     0     1     3     5     7     1     1     1     1     1     2     0     0   731     0
    83     2     8     1     7     1     3     5     0     1     0     1     1     2     1     0   577     1
    84     2     8     1     7     1     3     5     1     1     0     1     1     1     1     0   628     0
    85     2     8     1     7     1     3     5     0     0     0     1     0     1     1     1   520     1
    86     2     5     0     1     3     5     7     0     1     1     0     0     2     0     1   630     1
    87     1     4     1     8     2     4     6     1     0     1     0     1     3     1     1  1040     0
    88     1     4     1     8     2     4     6     1     0     0     0     1     1     0     0   505     0
    89     1     3     1     6     8     2     4     0     0     1     0     1     2     1     0   775     0
    90     1     3     1     6     8     2     4     1     1     0     1     1     1     1     1   710     0
    91     2     8     1     7     1     3     5     0     0     0     1     1     3     1     1   485     1
    92     2     7     0     5     7     1     3     1     1     1     1     1     2     1     1  1135     0
    93     2     8     1     7     1     3     5     1     1     0     0     1     2     0     0   797     0
    94     1     3     1     6     8     2     4     0     0     1     0     1     3     1     1   646     0
    95     1     1     2     2     4     6     8     1     0     0     1     1     2     1     0   815     0
    96     1     1     2     2     4     6     8     1     1     0     1     0     1     0     1   635     0
    97     1     4     1     8     2     4     6     0     1     1     1     0     2     1     0   704     0
    98     1     4     1     8     2     4     6     1     1     1     0     0     1     1     0   622     0
    99     1     2     2     4     6     8     2     0     0     0     1     0     2     1     1   826     0
   100     1     2     2     4     6     8     2     1     0     1     1     0     1     1     0   611     0
   101     2     8     1     7     1     3     5     1     1     0     1     0     3     0     1   500     0
   102     2     8     1     7     1     3     5     0     0     0     0     1     1     1     1   639     0
   103     2     7     0     5     7     1     3     1     1     1     1     0     2     1     1   836     0
   104     2     8     1     7     1     3     5     1     1     1     0     1     2     0     0   817     1
   105     1     2     2     4     6     8     2     1     1     0     0     1     3     0     0   869     0
   106     1     2     2     4     6     8     2     0     1     0     0     0     1     1     0   693     0
   107     1     2     2     4     6     8     2     1     1     0     0     1     1     1     0   536     0
   108     1     2     2     4     6     8     2     1     1     1     1     1     1     0     0   483     0
   109     1     3     1     6     8     2     4     0     0     1     1     1     2     1     1   682     1
   110     1     3     1     6     8     2     4     1     1     1     0     0     1     1     1   834     1
   111     2     6     2     3     5     7     1     0     0     1     1     0     3     1     1   973     0
   112     2     7     0     5     7     1     3     0     1     0     1     0     2     0     1   733     0
   113     2     6     2     3     5     7     1     0     1     0     0     1     2     0     0   717     1
   114     2     7     0     5     7     1     3     0     0     1     0     1     2     0     1   876     0
   115     1     4     1     8     2     4     6     1     0     0     1     1     3     1     0   833     0
   116     1     4     1     8     2     4     6     0     1     1     1     1     1     1     1   739     0
   117     1     2     2     4     6     8     2     0     1     1     1     0     2     0     0   701     0
   118     1     2     2     4     6     8     2     0     1     1     0     1     1     0     0   592     0
   119     1     1     2     2     4     6     8     0     1     0     1     1     2     0     0   621     1
   120     1     4     1     8     2     4     6     1     1     1     1     1     2     1     0  1017     0
   121     2     6     2     3     5     7     1     0     0     0     1     1     3     1     1   670     0
   122     2     6     2     3     5     7     1     1     1     0     0     1     1     1     1   683     1
   123     2     7     0     5     7     1     3     0     0     0     0     0     2     1     1  1255     0
   124     2     7     0     5     7     1     3     0     1     0     1     1     1     0     1   769     0
   125     2     6     2     3     5     7     1     1     0     0     1     0     2     1     1  1325     0
   126     2     8     1     7     1     3     5     0     0     0     0     0     2     1     0   663     0
   127     2     5     0     1     3     5     7     1     1     1     0     0     2     1     1   768     0
   128     2     5     0     1     3     5     7     0     0     0     0     0     1     1     1   576     1
   129     1     1     2     2     4     6     8     1     0     1     1     1     3     1     0   888     0
   130     1     4     1     8     2     4     6     1     1     0     1     0     2     0     1   718     0
   131     2     8     1     7     1     3     5     0     0     0     0     0     3     1     1  1096     0
   132     2     8     1     7     1     3     5     0     1     0     0     0     1     0     1   754     0
   133     1     4     1     8     2     4     6     0     0     1     0     0     3     0     1   563     0
   134     1     4     1     8     2     4     6     0     1     0     0     0     1     0     1   603     0
   135     1     4     1     8     2     4     6     1     1     1     1     0     1     1     0   751     1
   136     1     1     2     2     4     6     8     1     0     0     1     1     2     0     1  1329     0
   137     2     7     0     5     7     1     3     0     0     1     1     0     3     1     0   868     0
   138     2     7     0     5     7     1     3     1     0     1     0     0     1     1     0   573     0
   139     1     3     1     6     8     2     4     1     1     1     1     1     3     0     1   517     0
   140     1     3     1     6     8     2     4     1     0     0     1     0     1     0     1   568     0
   141     2     7     0     5     7     1     3     1     0     0     0     0     3     0     0   516     0
   142     1     2     2     4     6     8     2     0     0     0     1     1     3     1     0   635     0
   143     1     3     1     6     8     2     4     1     0     1     0     1     2     1     0   552     0
   144     1     4     1     8     2     4     6     1     0     1     1     0     2     0     0   560     0
   145     2     7     0     5     7     1     3     1     0     0     0     1     3     0     0   515     0
   146     2     5     0     1     3     5     7     1     0     0     0     1     2     0     0   521     1
   147     2     8     1     7     1     3     5     1     1     1     1     0     2     0     1   693     0
   148     2     8     1     7     1     3     5     1     1     1     1     0     1     0     0   875     0
   149     1     4     1     8     2     4     6     1     0     1     0     0     3     0     1   697     1
   150     1     4     1     8     2     4     6     1     0     1     1     0     1     0     0   739     0
   151     2     6     2     3     5     7     1     0     1     0     0     0     3     1     1   822     0
   152     2     6     2     3     5     7     1     0     1     0     0     0     1     0     0   542     1
   153     2     6     2     3     5     7     1     1     1     0     1     1     1     1     0  1381     0
   154     2     6     2     3     5     7     1     1     1     0     1     0     1     0     0   516     0
   155     2     7     0     5     7     1     3     1     0     1     1     0     2     0     1   714     0
   156     2     6     2     3     5     7     1     1     0     1     1     0     2     0     0   581     0
   157     1     1     2     2     4     6     8     0     1     1     1     0     3     1     1   651     0
   158     2     8     1     7     1     3     5     1     1     0     0     1     3     1     0   752     1
   159     1     2     2     4     6     8     2     1     0     0     0     0     3     0     1  1054     0
   160     2     7     0     5     7     1     3     0     1     0     1     0     3     1     1   755     0
   161     1     1     2     2     4     6     8     1     0     1     1     0     3     1     1   662     0
   162     1     1     2     2     4     6     8     1     1     0     1     0     1     0     1   803     0
   163     1     3     1     6     8     2     4     0     0     0     0     0     2     1     1   767     0
   164     1     3     1     6     8     2     4     1     1     1     1     0     1     1     1   694     0
   165     1     2     2     4     6     8     2     1     1     1     0     0     2     0     0   721     0
   166     1     3     1     6     8     2     4     1     0     1     0     0     2     0     1   567     0
   167     2     7     0     5     7     1     3     0     0     0     0     0     3     1     0   995     0
   168     1     4     1     8     2     4     6     1     1     1     1     0     3     1     1   739     0
   169     1     3     1     6     8     2     4     0     1     1     1     0     2     1     0   602     0
   170     1     2     2     4     6     8     2     1     0     1     0     0     2     1     1   551     0
   171     1     1     2     2     4     6     8     1     0     0     1     0     2     0     0   593     1
   172     1     2     2     4     6     8     2     1     1     0     0     1     2     0     1   865     0
   173     2     7     0     5     7     1     3     1     1     1     1     1     3     0     0   558     1
   174     2     7     0     5     7     1     3     0     0     1     0     1     1     1     1   969     0
   175     1     2     2     4     6     8     2     1     1     0     0     0     3     1     1   876     0
   176     1     2     2     4     6     8     2     0     0     1     0     1     1     1     1   734     0
   177     1     4     1     8     2     4     6     1     1     1     0     0     2     1     1   745     0
   178     1     4     1     8     2     4     6     0     1     0     0     1     1     1     0   626     0
   179     1     4     1     8     2     4     6     0     1     1     0     0     1     0     0   447     0
   180     1     4     1     8     2     4     6     0     1     0     0     0     1     0     0   410     0
   181     1     2     2     4     6     8     2     0     1     1     1     0     2     0     0   542     0
   182     1     1     2     2     4     6     8     0     1     0     1     1     2     0     0   454     0
   183     1     1     2     2     4     6     8     0     0     0     0     0     1     0     1   509     0
   184     1     1     2     2     4     6     8     0     0     1     0     1     1     0     0   511     1
   185     2     7     0     5     7     1     3     1     1     0     1     1     3     1     1  1288     0
   186     2     5     0     1     3     5     7     0     0     1     0     0     2     1     1   690     0
   187     2     6     2     3     5     7     1     0     0     1     0     0     2     0     0   948     0
   188     1     1     2     2     4     6     8     0     1     0     0     1     3     0     1   666     0
   189     1     2     2     4     6     8     2     0     1     1     0     1     2     0     0   671     1
   190     1     4     1     8     2     4     6     0     0     0     1     1     2     0     1   925     0
   191     2     5     0     1     3     5     7     0     1     0     1     0     3     0     1   735     0
   192     2     5     0     1     3     5     7     1     1     1     1     0     1     1     0   766     0
   193     2     6     2     3     5     7     1     1     0     0     0     0     2     0     1   722     0
   194     2     6     2     3     5     7     1     0     0     1     1     1     1     1     0   732     1
   195     1     4     1     8     2     4     6     1     0     0     1     1     3     1     0   783     0
   196     2     5     0     1     3     5     7     1     0     1     0     1     3     0     0   759     0
   197     2     8     1     7     1     3     5     0     1     0     1     0     2     1     1   952     0
   198     2     6     2     3     5     7     1     1     1     1     0     1     2     1     0   710     0
   199     1     1     2     2     4     6     8     0     0     1     1     0     3     1     1   894     0
   200     1     1     2     2     4     6     8     1     1     1     1     0     1     1     1  1131     0
   201     1     1     2     2     4     6     8     1     1     0     0     0     1     0     0   693     0
   202     2     8     1     7     1     3     5     1     0     1     0     1     3     0     1   672     0
   203     2     6     2     3     5     7     1     0     0     1     0     0     2     1     0   722     0
   204     2     6     2     3     5     7     1     1     0     1     1     1     1     1     0   672     1
   205     1     4     1     8     2     4     6     0     1     1     0     1     3     1     1   790     0
   206     1     3     1     6     8     2     4     0     0     1     1     0     2     0     1   741     0
   207     1     3     1     6     8     2     4     1     1     0     1     0     1     1     1   945     0
   208     2     8     1     7     1     3     5     1     1     1     0     1     3     0     0   651     0
   209     2     8     1     7     1     3     5     0     1     0     0     1     1     1     0   613     0
   210     1     3     1     6     8     2     4     0     0     1     0     1     3     0     1   738     0
   211     2     6     2     3     5     7     1     1     1     1     1     0     3     1     1   609     0
   212     2     6     2     3     5     7     1     0     0     1     0     0     1     1     1   854     0
   213     1     1     2     2     4     6     8     1     1     0     1     1     3     1     1   839     0
   214     1     1     2     2     4     6     8     0     1     0     0     1     1     1     0   692     1
   215     2     5     0     1     3     5     7     1     0     1     1     1     3     1     1   802     0
   216     2     5     0     1     3     5     7     1     0     1     0     0     1     0     0   555     0
   217     1     1     2     2     4     6     8     0     1     0     1     0     3     1     1   923     1
   218     1     3     1     6     8     2     4     1     1     1     1     0     2     1     0   677     1
   219     2     5     0     1     3     5     7     0     1     0     0     0     3     1     0   875     0
   220     2     5     0     1     3     5     7     0     0     0     0     0     1     0     1   637     0
   221     2     5     0     1     3     5     7     0     1     1     0     1     1     0     1   669     0
   222     2     5     0     1     3     5     7     0     1     0     1     0     1     0     0   483     0
   223     2     8     1     7     1     3     5     0     1     1     0     0     2     0     0   649     0
   224     2     8     1     7     1     3     5     1     0     0     0     0     1     1     1   511     0
   225     1     4     1     8     2     4     6     1     0     0     1     1     3     0     0   893     0
   226     1     1     2     2     4     6     8     0     1     1     1     1     2     1     1   680     0
   227     1     4     1     8     2     4     6     0     1     1     1     0     2     0     0   589     0
   228     1     1     2     2     4     6     8     1     1     0     1     1     2     1     0   718     0
   229     1     4     1     8     2     4     6     0     1     1     1     1     2     1     0   453     0
   230     2     5     0     1     3     5     7     1     1     1     0     0     3     1     0   483     0
   231     2     8     1     7     1     3     5     0     1     1     1     0     2     1     0   577     0
   232     2     8     1     7     1     3     5     1     0     1     1     1     1     1     1   541     0
   233     1     3     1     6     8     2     4     0     0     0     0     0     3     1     0   801     0
   234     1     1     2     2     4     6     8     1     0     1     0     1     2     1     0   514     1
   235     2     5     0     1     3     5     7     1     1     0     0     0     3     0     1   776     0
   236     1     4     1     8     2     4     6     0     1     0     1     0     3     1     0   556     1
   237     1     2     2     4     6     8     2     1     1     1     0     0     2     1     0   615     0
   238     1     4     1     8     2     4     6     1     1     0     0     0     2     0     0   527     0
   239     2     6     2     3     5     7     1     1     0     1     1     1     3     0     1   790     0
   240     2     8     1     7     1     3     5     0     1     1     0     1     2     1     1   499     0
   241     2     5     0     1     3     5     7     1     0     0     1     0     2     1     1  1185     1
   242     2     5     0     1     3     5     7     0     1     0     0     1     1     1     1  1028     0
   243     2     6     2     3     5     7     1     0     1     1     0     1     2     0     0   513     0
   244     2     6     2     3     5     7     1     0     0     1     1     0     1     0     1   484     0
   245     2     8     1     7     1     3     5     1     1     1     1     1     2     1     1   914     0
   246     2     8     1     7     1     3     5     0     1     1     0     0     1     1     0   453     0
   247     2     5     0     1     3     5     7     0     1     1     1     0     2     0     0   467     0
   248     1     4     1     8     2     4     6     1     0     1     1     1     3     1     1   541     0
   249     2     6     2     3     5     7     1     1     0     1     1     0     3     0     0   521     0
   250     2     6     2     3     5     7     1     0     1     0     0     1     1     1     1   511     1
   251     1     2     2     4     6     8     2     0     1     0     0     0     3     0     0   556     1
   252     1     4     1     8     2     4     6     1     0     0     1     1     2     1     1   876     0
   253     2     7     0     5     7     1     3     0     1     0     1     0     3     1     1   665     0
   254     1     2     2     4     6     8     2     0     1     0     1     0     3     0     0   620     0
   255     1     1     2     2     4     6     8     0     1     1     0     0     2     0     0   504     0
   256     1     1     2     2     4     6     8     0     1     1     1     1     1     0     0   459     0
   257     1     4     1     8     2     4     6     1     0     0     0     1     2     1     1   893     0
   258     1     4     1     8     2     4     6     0     1     1     1     0     1     1     1   592     0
   259     2     5     0     1     3     5     7     0     1     0     0     0     3     0     0   487     0
   260     2     5     0     1     3     5     7     0     1     1     1     0     1     0     0   473     0
   261     2     7     0     5     7     1     3     1     1     0     0     1     2     1     0   567     0
   262     2     8     1     7     1     3     5     0     0     0     0     1     2     1     1   642     0
   263     2     7     0     5     7     1     3     1     0     0     0     1     2     1     0   640     0
   264     2     7     0     5     7     1     3     0     1     1     1     1     1     1     1   521     0
   265     2     7     0     5     7     1     3     0     1     0     0     0     1     0     0   657     0
   266     2     7     0     5     7     1     3     1     0     1     0     1     1     1     1   570     0
   267     2     6     2     3     5     7     1     0     0     1     0     1     2     1     0   498     1
   268     1     3     1     6     8     2     4     0     0     0     1     0     3     0     0   696     0
   269     1     2     2     4     6     8     2     0     0     1     1     0     2     0     0   583     0
   270     2     5     0     1     3     5     7     1     0     1     1     0     3     1     0   639     1
   271     2     7     0     5     7     1     3     1     1     1     1     0     2     0     1   800     0
   272     2     6     2     3     5     7     1     1     1     1     0     0     2     0     0   708     0
   273     1     4     1     8     2     4     6     0     1     1     1     1     3     1     0   539     0
   274     1     3     1     6     8     2     4     0     1     1     1     0     2     0     0   515     0
   275     1     3     1     6     8     2     4     0     1     0     0     0     1     0     0   570     0
   276     2     8     1     7     1     3     5     0     0     0     0     0     3     0     1   639     0
   277     1     1     2     2     4     6     8     1     1     1     0     1     3     1     1   625     1
   278     1     1     2     2     4     6     8     0     0     0     1     0     1     1     1   924     0
   279     1     3     1     6     8     2     4     0     1     1     1     0     2     0     1   555     0
   280     1     1     2     2     4     6     8     1     0     1     1     1     2     1     1   650     0
   281     2     5     0     1     3     5     7     0     0     1     1     1     3     1     0   499     0
   282     2     5     0     1     3     5     7     0     0     0     1     1     1     0     0   497     0
   283     2     8     1     7     1     3     5     1     0     0     0     0     2     1     0   631     0
   284     2     5     0     1     3     5     7     1     1     0     0     1     2     0     1   509     0
   285     2     5     0     1     3     5     7     1     0     1     1     0     1     0     1  1084     1
   286     2     6     2     3     5     7     1     1     0     1     1     1     2     0     0   981     1
   287     1     4     1     8     2     4     6     1     1     0     1     0     3     0     1   816     0
   288     1     4     1     8     2     4     6     1     0     1     1     0     1     0     1   584     0
   289     2     5     0     1     3     5     7     1     0     0     1     0     3     0     0   568     0
   290     2     5     0     1     3     5     7     0     1     1     1     1     1     1     1   688     0
   291     2     6     2     3     5     7     1     1     0     1     0     1     2     1     1   585     0
   292     2     6     2     3     5     7     1     0     0     0     1     0     1     1     0   661     0
   293     1     4     1     8     2     4     6     1     1     0     0     1     3     1     1   895     0
   294     1     4     1     8     2     4     6     1     0     0     1     1     1     0     1   590     1
   295     2     8     1     7     1     3     5     0     1     1     0     1     3     1     1  1045     0
   296     2     8     1     7     1     3     5     0     0     1     0     0     1     0     1   785     0
   297     2     6     2     3     5     7     1     1     0     1     1     0     2     1     0   545     1
   298     2     7     0     5     7     1     3     0     0     0     1     0     2     1     0  1344     0
   299     1     4     1     8     2     4     6     0     0     1     1     1     3     0     0   539     1
   300     1     2     2     4     6     8     2     1     1     0     1     1     2     1     1   878     0
   301     1     2     2     4     6     8     2     1     0     1     1     0     1     0     1   748     0
   302     1     2     2     4     6     8     2     0     0     0     0     1     1     1     0   479     0
   303     2     8     1     7     1     3     5     0     0     0     0     1     3     0     0   564     0
   304     2     8     1     7     1     3     5     0     1     0     1     1     1     0     1   500     0
   305     1     2     2     4     6     8     2     1     1     1     0     0     3     1     0   683     0
   306     1     2     2     4     6     8     2     1     0     0     0     1     1     0     1   566     0
   307     2     6     2     3     5     7     1     0     0     0     1     0     3     1     0   570     0
   308     2     6     2     3     5     7     1     0     1     1     1     1     1     0     1   522     0
   309     2     6     2     3     5     7     1     1     1     1     1     0     1     1     0   516     0
   310     2     6     2     3     5     7     1     0     1     1     0     1     1     1     0   440     0
   311     1     1     2     2     4     6     8     0     0     1     0     0     3     0     1   718     0
   312     1     1     2     2     4     6     8     1     1     0     1     1     1     1     1   736     1
   313     2     6     2     3     5     7     1     0     1     1     1     0     3     1     0   759     0
   314     2     6     2     3     5     7     1     0     1     0     1     0     1     0     0   519     0
   315     2     8     1     7     1     3     5     0     1     0     1     1     2     0     0   470     0
   316     1     1     2     2     4     6     8     1     0     1     0     0     3     1     1   668     1
   317     2     5     0     1     3     5     7     1     1     1     0     1     3     0     1   569     0
   318     1     2     2     4     6     8     2     1     1     1     0     0     3     0     0   693     0
   319     1     3     1     6     8     2     4     0     1     0     0     1     2     1     0   684     0
   320     1     4     1     8     2     4     6     1     0     1     0     1     2     1     1   814     0
   321     1     1     2     2     4     6     8     1     0     1     1     0     2     0     0   555     0
   322     1     1     2     2     4     6     8     1     0     0     1     1     1     0     0   593     0
   323     2     5     0     1     3     5     7     0     1     1     1     0     3     1     1   905     0
   324     2     6     2     3     5     7     1     1     0     0     1     0     2     1     1   672     0
   325     2     6     2     3     5     7     1     0     0     1     1     0     1     1     0   978     1
   326     2     6     2     3     5     7     1     0     0     1     1     1     1     0     0   685     0
   327     1     2     2     4     6     8     2     1     1     0     0     1     3     1     1   715     0
   328     1     2     2     4     6     8     2     0     0     0     1     1     1     1     1   805     1
   329     2     6     2     3     5     7     1     0     0     1     0     0     3     0     0   534     0
   330     2     6     2     3     5     7     1     1     0     1     1     0     1     1     0   478     0
   331     1     2     2     4     6     8     2     0     1     0     1     1     3     1     1   659     0
   332     1     2     2     4     6     8     2     0     0     1     0     0     1     0     1   740     0
   333     2     7     0     5     7     1     3     0     0     0     1     1     3     0     0   556     0
   334     2     5     0     1     3     5     7     1     0     1     0     0     2     1     0   543     0
   335     2     6     2     3     5     7     1     0     1     0     0     1     2     1     1   668     0
   336     2     7     0     5     7     1     3     1     1     1     1     0     2     1     0  1001     0
   337     2     7     0     5     7     1     3     1     0     1     1     1     1     0     1   763     1
   338     2     7     0     5     7     1     3     0     1     0     0     1     1     1     1   661     0
   339     1     3     1     6     8     2     4     0     0     0     1     0     3     0     1   539     0
   340     1     2     2     4     6     8     2     0     1     0     1     1     2     0     1   759     0
   341     1     1     2     2     4     6     8     1     0     0     1     0     2     1     1   913     0
   342     2     6     2     3     5     7     1     0     0     0     1     0     3     1     0   717     1
   343     2     7     0     5     7     1     3     0     1     1     0     1     2     0     1   758     0
   344     2     7     0     5     7     1     3     1     0     1     1     0     1     1     1   545     0
   345     1     4     1     8     2     4     6     1     0     1     0     1     3     0     0   786     1
   346     2     5     0     1     3     5     7     0     1     1     0     1     3     1     1  1157     1
   347     1     3     1     6     8     2     4     1     0     1     0     0     3     1     1   739     1
   348     1     3     1     6     8     2     4     1     1     1     1     0     1     0     1   933     0
   349     2     8     1     7     1     3     5     1     0     1     0     0     3     0     1   588     0
   350     2     6     2     3     5     7     1     0     0     1     0     1     2     1     0  1128     0
   351     2     8     1     7     1     3     5     0     1     0     0     1     2     0     1   598     0
   352     2     8     1     7     1     3     5     0     1     1     1     0     1     0     0   655     0
   353     2     8     1     7     1     3     5     1     0     0     0     0     1     1     1   909     0
   354     2     5     0     1     3     5     7     0     0     0     1     1     2     1     0   584     1
   355     1     2     2     4     6     8     2     1     0     0     1     1     3     1     0   688     0
   356     1     2     2     4     6     8     2     1     1     0     0     1     1     0     1   629     0
   357     2     7     0     5     7     1     3     0     1     0     1     0     3     1     0   926     1
   358     1     4     1     8     2     4     6     1     1     1     1     1     3     1     0   664     0
   359     2     7     0     5     7     1     3     0     1     1     1     0     3     1     0   501     0
   360     2     7     0     5     7     1     3     0     1     1     0     1     1     0     0   472     0
   361     2     8     1     7     1     3     5     1     0     0     0     1     2     1     1   619     1
   362     2     8     1     7     1     3     5     0     1     1     1     0     1     1     1   583     0
   363     1     1     2     2     4     6     8     1     1     0     1     1     3     1     0   539     0
   364     1     1     2     2     4     6     8     1     0     1     1     0     1     0     1   759     0
   365     1     4     1     8     2     4     6     1     0     0     1     1     2     0     0   791     0
   366     1     4     1     8     2     4     6     1     1     1     1     1     1     0     1   587     0
   367     1     2     2     4     6     8     2     0     0     0     1     1     2     1     1   935     0
   368     1     2     2     4     6     8     2     1     1     0     1     1     1     1     1   921     0
   369     1     1     2     2     4     6     8     0     1     1     0     1     2     1     0   995     0
   370     1     1     2     2     4     6     8     1     1     1     0     0     1     1     0   744     0
   371     1     2     2     4     6     8     2     0     1     0     0     1     2     1     0   988     0
   372     1     1     2     2     4     6     8     1     0     0     1     1     2     1     1   923     1
   373     1     4     1     8     2     4     6     0     0     0     1     1     2     1     0   862     0
   374     1     4     1     8     2     4     6     0     0     0     1     0     1     0     0   568     0
   375     2     5     0     1     3     5     7     1     1     1     0     1     3     1     1   581     0
   376     2     8     1     7     1     3     5     0     0     0     0     1     2     1     1   768     0
   377     2     8     1     7     1     3     5     0     1     0     1     1     1     0     1   549     0
   378     2     8     1     7     1     3     5     0     1     0     1     0     1     0     0   753     1
   379     2     6     2     3     5     7     1     1     1     0     1     0     2     1     0   860     0
   380     2     6     2     3     5     7     1     1     1     1     1     1     1     0     0   482     0
   381     1     3     1     6     8     2     4     1     0     0     1     1     3     0     1   648     0
   382     1     3     1     6     8     2     4     1     0     1     0     0     1     0     0   702     0
   383     1     3     1     6     8     2     4     1     0     1     1     1     1     0     0   613     0
   384     2     6     2     3     5     7     1     0     1     0     0     1     3     1     1   621     0
   385     1     4     1     8     2     4     6     1     1     1     0     0     3     1     0   726     0
   386     1     3     1     6     8     2     4     1     0     1     1     0     2     0     1   557     0
   387     1     4     1     8     2     4     6     0     1     0     0     0     2     1     1   616     0
   388     1     4     1     8     2     4     6     0     1     0     0     0     1     0     0   529     0
   389     1     2     2     4     6     8     2     0     1     0     0     1     2     0     0   688     1
   390     1     2     2     4     6     8     2     0     1     1     1     0     1     0     0   766     0
   391     1     4     1     8     2     4     6     1     0     0     1     0     2     1     1   765     0
   392     1     4     1     8     2     4     6     0     1     0     1     1     1     1     1   756     0
   393     1     2     2     4     6     8     2     0     0     1     0     1     2     0     1   699     0
   394     1     2     2     4     6     8     2     0     0     0     0     0     1     0     0   654     0
   395     2     8     1     7     1     3     5     0     1     1     0     0     3     0     1   576     0
   396     2     8     1     7     1     3     5     1     1     0     1     1     1     1     0   752     0
   397     1     1     2     2     4     6     8     1     1     0     1     1     3     0     0   540     0
   398     1     1     2     2     4     6     8     1     0     0     1     0     1     0     1   576     1
   399     2     7     0     5     7     1     3     1     0     0     0     0     3     0     0   538     0
   400     2     8     1     7     1     3     5     1     1     0     0     1     2     0     1   570     0
   401     2     6     2     3     5     7     1     1     1     0     1     0     2     0     0   649     0
   402     2     6     2     3     5     7     1     0     0     1     0     0     1     1     1   766     0
   403     2     5     0     1     3     5     7     1     0     0     1     0     2     1     0   838     0
   404     2     6     2     3     5     7     1     1     1     0     0     1     2     0     1   564     0
   405     2     6     2     3     5     7     1     1     1     0     1     0     1     0     0  1151     1
   406     2     6     2     3     5     7     1     0     0     1     1     1     1     1     1   898     0
   407     1     2     2     4     6     8     2     1     1     1     1     0     3     1     1   568     0
   408     1     2     2     4     6     8     2     1     0     1     0     1     1     0     1   552     0
   409     1     3     1     6     8     2     4     1     0     1     1     0     2     0     0   839     0
   410     1     3     1     6     8     2     4     1     0     1     1     1     1     0     0   596     0
   411     2     5     0     1     3     5     7     0     1     1     1     0     3     1     1   576     0
   412     2     5     0     1     3     5     7     0     0     0     1     0     1     0     1   664     0
   413     2     8     1     7     1     3     5     0     1     1     1     0     2     0     1   795     0
   414     1     1     2     2     4     6     8     1     0     1     0     1     3     1     1   687     0
   415     2     6     2     3     5     7     1     0     0     1     0     0     3     1     0   597     1
   416     2     6     2     3     5     7     1     1     0     1     0     1     1     1     0   624     0
   417     1     1     2     2     4     6     8     0     0     1     1     1     3     1     0   658     1
   418     1     2     2     4     6     8     2     1     1     0     1     0     2     1     1   836     0
   419     1     1     2     2     4     6     8     0     1     1     0     0     2     1     0   629     0
   420     1     1     2     2     4     6     8     0     1     1     0     0     1     0     0   554     0
   421     2     5     0     1     3     5     7     0     0     0     0     0     3     0     1   730     1
   422     2     5     0     1     3     5     7     1     0     0     0     1     1     1     0   672     0
   423     1     1     2     2     4     6     8     0     0     1     1     1     3     1     0   738     1
   424     2     6     2     3     5     7     1     1     1     0     1     0     3     1     1   688     0
   425     1     3     1     6     8     2     4     1     1     0     1     1     3     0     0  1166     0
   426     1     3     1     6     8     2     4     0     0     0     0     1     1     1     1   874     0
   427     1     1     2     2     4     6     8     1     1     1     0     0     2     1     1   695     0
   428     1     1     2     2     4     6     8     0     1     1     1     1     1     1     0   530     0
   429     1     1     2     2     4     6     8     1     0     1     1     1     1     1     1   649     0
   430     1     2     2     4     6     8     2     1     1     0     0     0     2     0     1   742     1
   431     1     1     2     2     4     6     8     0     0     1     1     1     2     1     1   844     0
   432     1     1     2     2     4     6     8     0     1     0     0     1     1     0     1   565     0
   433     2     8     1     7     1     3     5     0     0     1     1     0     3     0     1   858     0
   434     2     5     0     1     3     5     7     0     1     1     0     0     2     0     1   504     0
   435     1     3     1     6     8     2     4     1     1     0     0     0     3     1     0   667     1
   436     1     2     2     4     6     8     2     0     0     0     1     1     2     1     1  1131     0
   437     1     1     2     2     4     6     8     0     1     0     1     0     2     0     1   578     0
   438     2     6     2     3     5     7     1     0     1     0     1     1     3     0     0  1030     1
   439     2     5     0     1     3     5     7     0     1     1     1     1     2     0     0   699     0
   440     2     6     2     3     5     7     1     0     0     1     0     1     2     0     1   733     0
   441     1     3     1     6     8     2     4     0     1     0     0     1     3     0     1   833     0
   442     1     3     1     6     8     2     4     0     1     1     1     0     1     0     0   590     0
   443     2     6     2     3     5     7     1     0     0     0     0     0     3     0     1   718     0
   444     1     3     1     6     8     2     4     0     0     0     1     0     3     0     0   605     0
   445     1     1     2     2     4     6     8     0     0     1     1     1     2     0     0   746     0
   446     1     1     2     2     4     6     8     0     0     0     0     1     1     0     0   534     0
   447     2     7     0     5     7     1     3     1     1     1     0     0     3     1     1   721     0
   448     2     7     0     5     7     1     3     1     1     0     1     1     1     0     0   628     0
   449     1     3     1     6     8     2     4     0     0     0     0     0     3     1     1   989     0
   450     1     3     1     6     8     2     4     1     0     1     0     1     1     1     0   604     0
   451     1     2     2     4     6     8     2     0     0     1     0     0     2     1     0   732     0
   452     1     2     2     4     6     8     2     1     0     1     0     0     1     1     0   516     0
   453     1     4     1     8     2     4     6     1     0     1     1     0     2     0     0   778     0
   454     1     4     1     8     2     4     6     0     1     0     0     0     1     1     1   775     0
   455     2     6     2     3     5     7     1     0     1     0     0     1     3     0     0   775     0
   456     2     8     1     7     1     3     5     1     1     0     0     0     2     1     0   642     0
   457     1     3     1     6     8     2     4     0     0     0     0     1     3     1     1   887     0
   458     1     3     1     6     8     2     4     0     1     1     1     0     1     0     1   580     0
   459     2     8     1     7     1     3     5     1     1     0     0     0     3     1     0   752     0
   460     2     5     0     1     3     5     7     0     0     1     0     0     2     1     1   951     0
   461     2     5     0     1     3     5     7     1     1     0     0     1     1     1     1   758     0
   462     1     4     1     8     2     4     6     1     1     0     0     0     3     0     0   853     0
   463     1     2     2     4     6     8     2     0     0     1     0     0     2     1     1   809     0
   464     1     2     2     4     6     8     2     0     1     1     0     0     1     0     1   774     1
   465     1     1     2     2     4     6     8     0     1     1     1     1     2     0     0   722     0
   466     1     4     1     8     2     4     6     0     0     1     1     1     2     0     1   613     0
   467     2     8     1     7     1     3     5     1     0     0     1     1     3     1     0  1002     1
   468     2     8     1     7     1     3     5     1     0     1     0     0     1     0     0   609     0
   469     2     6     2     3     5     7     1     0     1     0     0     1     2     1     1   897     0
   470     2     6     2     3     5     7     1     0     0     1     1     0     1     0     1   631     0
   471     1     2     2     4     6     8     2     1     1     1     1     0     3     1     1   688     0
   472     1     2     2     4     6     8     2     1     1     0     1     0     1     0     0   683     0
   473     2     6     2     3     5     7     1     0     1     0     0     0     3     1     0   972     0
   474     2     6     2     3     5     7     1     0     1     0     0     0     1     0     0   552     0
   475     1     3     1     6     8     2     4     0     0     0     1     0     3     0     1   623     0
   476     1     3     1     6     8     2     4     1     1     0     0     1     1     1     1   820     0
   477     2     7     0     5     7     1     3     0     0     0     0     0     3     1     1   745     0
   478     2     7     0     5     7     1     3     1     1     0     0     0     1     1     1   645     0
   479     1     3     1     6     8     2     4     1     0     1     1     1     3     0     1   555     0
   480     1     3     1     6     8     2     4     1     0     1     0     1     1     0     0   555     0
   481     1     4     1     8     2     4     6     1     1     1     0     1     2     0     1   586     0
   482     1     4     1     8     2     4     6     1     0     0     0     0     1     0     1   474     0
   483     1     2     2     4     6     8     2     0     1     0     1     0     2     1     1   685     1
   484     1     1     2     2     4     6     8     1     0     1     1     0     2     1     1   906     0
   485     2     6     2     3     5     7     1     1     0     1     0     1     3     0     0   677     0
   486     2     7     0     5     7     1     3     0     0     1     1     0     2     1     0   815     0
   487     1     1     2     2     4     6     8     1     1     0     0     0     3     1     1   700     0
   488     1     3     1     6     8     2     4     0     0     0     1     1     2     1     1   815     1
   489     1     4     1     8     2     4     6     0     0     0     0     0     2     0     0   907     0
   490     1     2     2     4     6     8     2     1     0     1     1     1     2     1     0   598     0
   491     1     2     2     4     6     8     2     0     0     0     0     1     1     1     0   515     0
   492     1     2     2     4     6     8     2     0     0     0     1     1     1     0     0   565     0
   493     2     6     2     3     5     7     1     0     1     0     1     1     3     0     1   641     0
   494     2     6     2     3     5     7     1     1     1     1     1     1     1     1     0   741     0
   495     1     3     1     6     8     2     4     0     0     1     1     0     3     1     1   680     1
   496     1     3     1     6     8     2     4     1     0     1     0     0     1     1     0   773     0
   497     1     2     2     4     6     8     2     1     0     1     1     1     2     0     0   501     0
   498     1     3     1     6     8     2     4     1     0     0     1     1     2     0     0   779     0
   499     2     6     2     3     5     7     1     0     0     1     1     0     3     1     0   539     0
   500     2     7     0     5     7     1     3     0     1     1     0     0     2     0     1   811     0
   501     2     5     0     1     3     5     7     1     0     1     0     0     2     1     1   995     0
   502     2     5     0     1     3     5     7     0     0     0     1     1     1     1     0   816     0
   503     1     3     1     6     8     2     4     1     0     0     0     0     3     1     0   681     0
   504     1     1     2     2     4     6     8     1     0     0     1     1     2     0     0   542     0
   505     1     4     1     8     2     4     6     1     0     1     0     1     2     0     0   518     0
   506     1     2     2     4     6     8     2     0     0     0     0     0     2     1     0   498     0
   507     1     2     2     4     6     8     2     1     0     0     1     1     1     1     0   472     0
   508     1     2     2     4     6     8     2     0     1     1     0     1     1     1     1   607     0
   509     2     5     0     1     3     5     7     0     1     1     1     1     3     0     0   696     0
   510     1     4     1     8     2     4     6     1     1     1     0     0     3     1     0   587     0
   511     1     2     2     4     6     8     2     0     0     1     1     0     2     1     1   568     0
   512     2     5     0     1     3     5     7     0     0     1     0     1     3     0     0   851     1
   513     2     7     0     5     7     1     3     1     0     0     1     0     2     1     0   700     0
   514     2     7     0     5     7     1     3     0     0     0     1     0     1     1     0   538     0
   515     2     5     0     1     3     5     7     1     0     0     0     0     2     1     0   550     0
   516     2     6     2     3     5     7     1     0     0     0     0     0     2     1     0   485     0
   517     2     8     1     7     1     3     5     1     1     1     0     0     2     1     1   600     0
   518     2     8     1     7     1     3     5     0     0     1     1     0     1     1     1   601     0
   519     2     6     2     3     5     7     1     0     1     1     0     1     2     0     1   529     0
   520     2     8     1     7     1     3     5     0     0     1     0     1     2     0     1   469     0
   521     2     6     2     3     5     7     1     1     1     1     1     0     2     1     1   836     0
   522     2     5     0     1     3     5     7     0     0     0     0     1     2     1     1   652     1
   523     2     8     1     7     1     3     5     1     0     1     1     0     2     1     0   650     0
   524     2     6     2     3     5     7     1     0     0     1     1     1     2     1     0   790     0
   525     2     5     0     1     3     5     7     0     1     0     0     1     2     0     1   635     0
   526     2     5     0     1     3     5     7     1     0     0     1     1     1     1     1   800     1
   527     1     3     1     6     8     2     4     1     0     0     1     1     3     0     0   592     0
   528     1     3     1     6     8     2     4     0     0     0     1     1     1     1     0   629     0
   529     1     4     1     8     2     4     6     1     0     0     1     0     2     1     0   555     0
   530     1     4     1     8     2     4     6     1     1     0     0     1     1     0     1   515     0
   531     1     4     1     8     2     4     6     1     1     0     1     0     1     0     0   487     0
   532     1     4     1     8     2     4     6     0     0     1     1     1     1     1     1   674     0
   533     1     1     2     2     4     6     8     1     0     0     1     1     2     1     0   648     0
   534     1     1     2     2     4     6     8     1     0     0     1     0     1     0     0   492     0
   535     1     4     1     8     2     4     6     1     1     0     0     0     2     0     1   639     0
   536     1     4     1     8     2     4     6     0     1     1     1     0     1     1     0   584     0
   537     2     5     0     1     3     5     7     0     1     0     0     0     3     0     0   609     0
   538     1     2     2     4     6     8     2     0     1     0     0     0     3     0     0   778     0
   539     2     7     0     5     7     1     3     1     1     0     0     1     3     1     0   590     1
   540     2     7     0     5     7     1     3     1     1     1     1     0     1     0     0   434     0
   541     1     1     2     2     4     6     8     0     0     1     0     0     3     1     1   635     0
   542     1     2     2     4     6     8     2     0     1     0     1     1     2     0     1   729     0
   543     1     1     2     2     4     6     8     1     1     1     1     0     2     1     0   520     0
   544     1     1     2     2     4     6     8     0     0     1     1     1     1     1     1   608     0
   545     1     4     1     8     2     4     6     0     1     0     1     1     2     0     1   518     0
   546     1     1     2     2     4     6     8     1     1     0     1     1     2     1     0   512     0
   547     2     7     0     5     7     1     3     1     1     0     1     1     3     0     0   571     0
   548     2     7     0     5     7     1     3     1     0     0     1     0     1     0     1   720     0
   549     1     4     1     8     2     4     6     1     0     1     0     1     3     0     0   614     0
   550     2     7     0     5     7     1     3     1     1     1     1     0     3     0     1   559     0
   551     2     5     0     1     3     5     7     1     0     0     0     1     2     0     1   606     0
   552     2     5     0     1     3     5     7     0     0     0     1     1     1     1     0   650     1
   553     1     3     1     6     8     2     4     0     1     0     1     1     3     0     1   682     1
   554     1     3     1     6     8     2     4     1     0     0     1     0     1     1     1  1068     0
   555     1     2     2     4     6     8     2     0     1     0     0     0     2     1     1   652     0
   556     2     7     0     5     7     1     3     1     1     1     1     0     3     1     0   502     0
   557     1     4     1     8     2     4     6     1     1     1     1     1     3     0     0   518     0
   558     1     4     1     8     2     4     6     1     1     1     0     0     1     0     0   460     0
   559     1     3     1     6     8     2     4     1     1     0     1     1     2     0     0   549     0
   560     1     3     1     6     8     2     4     0     1     0     1     1     1     1     0   565     0
   561     1     4     1     8     2     4     6     0     0     1     1     0     2     0     1   881     0
   562     1     4     1     8     2     4     6     0     0     1     0     0     1     0     0   527     0
   563     2     5     0     1     3     5     7     1     0     1     1     0     3     1     0   619     0
   564     2     6     2     3     5     7     1     0     1     0     1     0     2     1     1   623     0
   565     1     2     2     4     6     8     2     0     1     1     0     0     3     0     0   579     0
   566     1     4     1     8     2     4     6     0     1     1     0     1     2     0     0   451     0
   567     1     1     2     2     4     6     8     0     1     0     0     1     2     0     0   432     0
   568     1     1     2     2     4     6     8     0     1     0     1     1     1     0     0   442     0
   569     1     3     1     6     8     2     4     0     1     1     0     1     2     0     0   456     0
   570     1     3     1     6     8     2     4     0     0     0     1     0     1     0     1   466     0
   571     2     8     1     7     1     3     5     0     1     1     1     1     3     0     1   520     0
   572     2     8     1     7     1     3     5     1     0     1     0     1     1     1     1   644     0
   573     1     2     2     4     6     8     2     0     1     1     1     1     3     1     1   524     0
   574     1     1     2     2     4     6     8     1     1     1     0     0     2     1     0   647     1
   575     2     5     0     1     3     5     7     1     1     1     0     1     3     0     0   571     0
   576     2     7     0     5     7     1     3     1     0     0     1     0     2     0     1   492     0
   577     2     8     1     7     1     3     5     0     1     0     0     0     2     1     1   659     0
   578     2     8     1     7     1     3     5     0     1     1     0     0     1     0     0   441     0
   579     2     5     0     1     3     5     7     1     1     0     0     1     2     1     0   692     0
   580     2     5     0     1     3     5     7     1     0     0     0     1     1     0     1   498     0
   581     1     2     2     4     6     8     2     1     1     0     0     0     3     0     1   616     0
   582     1     2     2     4     6     8     2     1     1     1     1     0     1     0     0   444     0
   583     2     7     0     5     7     1     3     0     1     0     1     0     3     1     0   639     0
   584     2     7     0     5     7     1     3     1     0     1     1     0     1     1     1   536     0
   585     2     7     0     5     7     1     3     1     1     0     1     0     1     0     1   527     0
   586     2     7     0     5     7     1     3     0     1     1     0     1     1     1     0   474     0
   587     1     3     1     6     8     2     4     0     0     1     1     1     3     0     1   676     0
   588     1     3     1     6     8     2     4     1     1     0     1     0     1     1     1   406     0
   589     2     7     0     5     7     1     3     1     0     1     0     0     3     0     1   443     0
   590     2     6     2     3     5     7     1     1     1     0     0     0     2     0     1   773     0
   591     2     7     0     5     7     1     3     1     0     0     1     1     2     0     1   501     0
   592     2     7     0     5     7     1     3     0     1     1     1     0     1     1     1   605     0
   593     1     2     2     4     6     8     2     0     0     0     1     1     3     0     1   529     0
   594     1     3     1     6     8     2     4     0     0     0     1     0     2     0     0   548     0
   595     2     5     0     1     3     5     7     1     1     1     0     1     3     1     1   667     1
   596     2     5     0     1     3     5     7     1     0     0     1     1     1     0     1   795     1
   597     1     4     1     8     2     4     6     0     1     0     1     1     3     1     1  1159     1
   598     2     5     0     1     3     5     7     0     0     1     1     1     3     0     1   773     0
   599     1     4     1     8     2     4     6     0     0     1     1     0     3     0     0   585     0
   600     1     4     1     8     2     4     6     1     0     1     0     0     1     1     0   657     0
   601     1     3     1     6     8     2     4     1     1     1     1     1     2     0     1   504     0
   602     1     3     1     6     8     2     4     1     1     0     1     0     1     0     0   507     0
   603     2     7     0     5     7     1     3     1     0     1     1     0     3     0     1   545     0
   604     1     2     2     4     6     8     2     0     0     0     0     0     3     1     0   759     0
   605     2     5     0     1     3     5     7     0     1     0     1     0     3     0     1   699     0
   606     2     5     0     1     3     5     7     1     0     0     1     0     1     1     1   830     0
   607     2     7     0     5     7     1     3     0     1     0     1     1     2     1     1   591     0
   608     2     7     0     5     7     1     3     0     0     1     1     0     1     0     1   567     1
   609     1     2     2     4     6     8     2     1     1     1     1     0     3     1     1  1034     0
   610     2     5     0     1     3     5     7     1     1     1     0     0     3     0     0   499     0
   611     2     6     2     3     5     7     1     1     0     0     0     1     2     0     1   581     0
   612     2     6     2     3     5     7     1     1     0     1     0     1     1     0     0   586     0
   613     1     1     2     2     4     6     8     0     1     0     0     1     3     1     1   607     0
   614     1     1     2     2     4     6     8     1     0     1     0     1     1     1     1   523     0
   615     1     1     2     2     4     6     8     0     0     1     0     1     1     1     0  1191     0
   616     2     8     1     7     1     3     5     1     0     1     1     0     3     1     0   690     1
   617     1     2     2     4     6     8     2     1     0     0     1     1     3     0     0   791     0
   618     1     2     2     4     6     8     2     0     1     1     1     1     1     1     1  1106     0
   619     1     3     1     6     8     2     4     0     0     0     1     0     2     0     1   864     0
   620     1     4     1     8     2     4     6     0     1     0     0     1     2     0     1   531     0
   621     1     1     2     2     4     6     8     0     1     1     0     0     2     0     0   507     1
   622     1     1     2     2     4     6     8     1     1     1     0     1     1     1     0  1457     0
   623     1     4     1     8     2     4     6     0     0     0     1     0     2     1     1   493     0
   624     1     4     1     8     2     4     6     1     0     1     0     0     1     1     0   773     0
   625     2     6     2     3     5     7     1     0     1     0     0     1     3     1     1   728     1
   626     2     7     0     5     7     1     3     0     0     1     1     0     2     0     1   738     0
   627     1     3     1     6     8     2     4     0     0     0     1     1     3     0     0   657     0
   628     2     8     1     7     1     3     5     1     1     0     0     0     3     1     1   691     0
   629     1     1     2     2     4     6     8     1     0     0     1     0     3     0     1   597     0
   630     2     6     2     3     5     7     1     1     1     1     0     1     3     0     1   702     0
   631     2     8     1     7     1     3     5     0     0     1     1     0     2     1     1   662     0
   632     2     8     1     7     1     3     5     0     0     1     0     0     1     0     0   556     0
   633     2     7     0     5     7     1     3     0     1     1     1     1     2     0     1  1012     0
   634     2     7     0     5     7     1     3     0     1     0     1     0     1     0     0   573     0
   635     1     3     1     6     8     2     4     0     0     0     0     1     3     0     1   545     0
   636     1     4     1     8     2     4     6     0     0     0     1     1     2     0     0   736     0
   637     2     5     0     1     3     5     7     0     1     1     1     0     3     0     1   655     0
   638     2     7     0     5     7     1     3     0     1     0     1     0     2     0     0   666     0
   639     2     7     0     5     7     1     3     1     1     0     0     1     1     1     0   624     0
   640     2     7     0     5     7     1     3     1     0     0     1     1     1     0     1   801     0
   641     1     3     1     6     8     2     4     0     1     0     1     0     3     1     1   626     0
   642     1     3     1     6     8     2     4     1     1     0     1     1     1     1     0   535     0
   643     1     4     1     8     2     4     6     0     1     0     0     0     2     1     0  1207     0
   644     1     4     1     8     2     4     6     1     0     1     1     1     1     1     1   498     0
   645     1     2     2     4     6     8     2     1     1     0     1     0     2     0     1   769     0
   646     1     3     1     6     8     2     4     1     0     0     1     0     2     0     1   524     0
   647     1     4     1     8     2     4     6     0     0     1     1     0     2     1     0   716     0
   648     1     1     2     2     4     6     8     0     1     1     1     1     2     0     1   444     0
   649     1     4     1     8     2     4     6     0     0     0     1     1     2     0     1   597     0
   650     1     4     1     8     2     4     6     0     1     1     0     1     1     0     1   508     0
   651     1     4     1     8     2     4     6     1     0     1     1     1     1     1     1   683     0
   652     1     1     2     2     4     6     8     1     1     0     1     0     2     0     1   560     1
   653     1     1     2     2     4     6     8     1     0     0     0     0     1     0     1   584     0
   654     1     2     2     4     6     8     2     1     1     0     0     1     2     0     1   596     0
   655     1     3     1     6     8     2     4     1     0     0     1     1     2     0     1   585     0
   656     1     1     2     2     4     6     8     0     0     1     1     1     2     1     0   713     1
   657     2     6     2     3     5     7     1     0     1     0     1     0     3     0     1   642     0
   658     1     3     1     6     8     2     4     0     1     0     0     1     3     0     0   674     0
   659     1     3     1     6     8     2     4     1     0     0     0     1     1     1     1   680     0
   660     2     6     2     3     5     7     1     0     0     1     1     0     3     1     0   566     0
   661     2     8     1     7     1     3     5     1     1     1     0     1     2     1     1   522     0
   662     2     8     1     7     1     3     5     1     1     1     0     1     1     0     0   485     0
   663     2     5     0     1     3     5     7     1     1     0     0     0     2     0     0   535     0
   664     2     5     0     1     3     5     7     0     1     1     0     0     1     1     0   490     0
   665     2     8     1     7     1     3     5     0     1     0     1     1     2     0     0   521     0
   666     2     7     0     5     7     1     3     1     1     1     1     0     2     1     0   588     1
   667     2     6     2     3     5     7     1     0     0     0     1     1     2     1     1   588     0
   668     2     6     2     3     5     7     1     0     0     0     1     1     1     0     0   472     0
   669     2     6     2     3     5     7     1     0     1     1     0     1     1     0     1   458     0
   670     2     6     2     3     5     7     1     1     1     1     0     0     1     1     0   440     0
   671     1     3     1     6     8     2     4     0     1     0     0     1     3     1     0   489     0
   672     1     3     1     6     8     2     4     0     0     1     0     0     1     0     1   595     0
   673     2     8     1     7     1     3     5     0     0     1     0     0     3     0     0  1046     0
   674     2     8     1     7     1     3     5     1     1     0     0     0     1     1     1   686     0
   675     1     2     2     4     6     8     2     1     0     0     1     1     3     0     1   912     1
   676     1     3     1     6     8     2     4     1     1     1     0     0     2     0     1   550     0
   677     2     5     0     1     3     5     7     0     1     1     1     1     3     1     0   739     0
   678     2     5     0     1     3     5     7     0     0     1     0     0     1     0     1   577     0
   679     2     6     2     3     5     7     1     0     1     0     1     1     2     0     1   762     1
   680     1     1     2     2     4     6     8     0     0     1     1     0     3     0     1   817     0
   681     1     2     2     4     6     8     2     0     0     1     0     1     2     0     0   582     0
   682     1     3     1     6     8     2     4     1     1     0     1     1     2     1     1   527     0
   683     2     5     0     1     3     5     7     0     1     0     1     1     3     1     0   831     1
   684     2     5     0     1     3     5     7     0     1     1     1     1     1     0     0   575     0
   685     2     8     1     7     1     3     5     0     1     1     0     1     2     0     0   434     0
   686     2     8     1     7     1     3     5     0     0     0     0     0     1     0     1   460     0
   687     2     6     2     3     5     7     1     1     1     1     0     1     2     1     1   621     1
   688     2     6     2     3     5     7     1     0     1     0     1     1     1     1     0   677     0
   689     2     7     0     5     7     1     3     1     1     1     0     1     2     1     0   739     0
   690     2     7     0     5     7     1     3     0     1     0     1     1     1     1     0   570     0
   691     1     3     1     6     8     2     4     0     1     1     0     1     3     0     0   462     0
   692     1     3     1     6     8     2     4     0     0     1     1     0     1     0     1   516     0
   693     1     2     2     4     6     8     2     1     1     0     0     0     2     1     1   491     0
   694     1     2     2     4     6     8     2     1     1     1     1     0     1     0     0   457     0
   695     1     4     1     8     2     4     6     0     1     1     1     0     2     1     0   746     0
   696     1     3     1     6     8     2     4     1     0     0     1     0     2     1     1   543     0
   697     2     8     1     7     1     3     5     0     1     1     1     0     3     1     1   423     0
   698     1     3     1     6     8     2     4     1     0     0     1     0     3     1     1   556     0
   699     2     5     0     1     3     5     7     0     0     1     1     0     3     1     0   649     0
   700     2     5     0     1     3     5     7     0     0     1     1     1     1     0     0   599     0
   701     2     7     0     5     7     1     3     1     0     0     0     0     2     1     0   619     0
   702     1     2     2     4     6     8     2     1     1     0     0     0     3     0     1   584     0
   703     1     2     2     4     6     8     2     0     1     1     0     0     1     1     0   673     0
   704     1     2     2     4     6     8     2     0     1     1     1     0     1     0     0   479     0
   705     1     2     2     4     6     8     2     1     0     1     0     1     1     1     1   501     0
   706     1     2     2     4     6     8     2     0     0     1     1     0     1     1     0   485     0
   707     2     7     0     5     7     1     3     1     1     0     1     1     3     1     1   471     0
   708     2     7     0     5     7     1     3     0     1     0     0     1     1     1     0   410     0
   709     2     8     1     7     1     3     5     0     1     1     0     1     2     0     0   452     0
   710     2     8     1     7     1     3     5     1     1     0     1     1     1     1     0   433     0
   711     2     8     1     7     1     3     5     0     1     0     1     0     1     1     0   438     0
   712     2     7     0     5     7     1     3     0     1     0     0     1     2     0     0   815     0
   713     1     1     2     2     4     6     8     0     1     0     0     1     3     0     0   492     0
   714     1     1     2     2     4     6     8     0     1     1     0     1     1     0     0   451     0
   715     2     8     1     7     1     3     5     1     0     1     0     0     3     1     1   520     0
   716     2     5     0     1     3     5     7     1     1     0     1     0     2     0     1   611     0
   717     2     7     0     5     7     1     3     0     1     1     0     1     2     1     0   808     1
   718     2     7     0     5     7     1     3     1     1     1     0     0     1     1     0   524     0
   719     1     3     1     6     8     2     4     1     0     1     0     0     3     0     1   866     0
   720     1     3     1     6     8     2     4     0     1     1     0     0     1     1     1   504     0
   721     1     2     2     4     6     8     2     1     0     0     1     0     2     1     1   508     0
   722     1     2     2     4     6     8     2     0     1     0     0     1     1     1     1   502     0
   723     2     7     0     5     7     1     3     0     1     1     1     0     3     0     0   788     0
   724     2     8     1     7     1     3     5     1     1     1     0     0     2     1     0   524     1
   725     1     4     1     8     2     4     6     1     1     1     0     1     3     0     0   586     0
   726     1     1     2     2     4     6     8     0     0     0     1     0     2     1     1   574     0
   727     2     8     1     7     1     3     5     0     0     1     1     1     3     0     0   514     1
   728     2     8     1     7     1     3     5     1     1     0     0     0     1     1     1   532     0
   729     2     7     0     5     7     1     3     1     1     0     1     0     2     0     0   894     0
   730     2     7     0     5     7     1     3     1     1     1     1     0     1     0     0   492     0
   731     2     7     0     5     7     1     3     1     0     1     0     1     1     0     1   623     0
   732     2     7     0     5     7     1     3     1     0     1     1     1     1     0     0   508     0
   733     1     3     1     6     8     2     4     1     1     1     1     0     3     0     1   570     0
   734     1     3     1     6     8     2     4     0     0     1     1     1     1     1     1   554     0
   735     2     5     0     1     3     5     7     1     0     1     0     1     3     1     0   585     0
   736     2     5     0     1     3     5     7     0     0     1     1     1     1     1     0   541     0
   737     2     6     2     3     5     7     1     0     0     0     1     1     2     0     0   509     0
   738     2     6     2     3     5     7     1     1     1     0     1     1     1     1     1   692     0
   739     1     3     1     6     8     2     4     1     1     0     1     1     3     0     0   710     0
   740     1     3     1     6     8     2     4     1     1     0     0     0     1     0     0   672     0
   741     1     3     1     6     8     2     4     1     0     1     1     0     1     0     1   594     0
   742     1     4     1     8     2     4     6     0     1     1     0     0     2     1     1   739     1
   743     2     5     0     1     3     5     7     1     1     0     1     1     3     1     0   742     0
   744     2     5     0     1     3     5     7     1     1     0     0     0     1     0     0   481     0
   745     2     8     1     7     1     3     5     1     1     0     1     0     2     0     0   575     0
   746     2     8     1     7     1     3     5     1     0     0     1     1     1     0     1   623     0
   747     1     2     2     4     6     8     2     1     0     0     0     0     3     0     0  1105     1
   748     2     7     0     5     7     1     3     1     1     0     0     0     3     0     1   929     0
   749     1     4     1     8     2     4     6     0     1     1     0     0     3     1     0   628     0
   750     1     4     1     8     2     4     6     1     1     1     0     1     1     1     0   449     0
   751     1     1     2     2     4     6     8     0     0     0     1     0     2     1     1   726     0
   752     1     3     1     6     8     2     4     1     1     0     1     1     2     1     1   841     0
   753     2     7     0     5     7     1     3     1     1     0     1     1     3     0     0   475     0
   754     2     7     0     5     7     1     3     1     1     0     1     0     1     0     0   517     0
   755     2     5     0     1     3     5     7     0     1     1     0     0     2     1     0   620     0
   756     2     8     1     7     1     3     5     1     0     0     0     0     2     1     1   632     0
   757     1     4     1     8     2     4     6     0     0     0     0     1     3     1     0   670     1
   758     1     4     1     8     2     4     6     1     1     0     0     0     1     1     1   639     0
   759     2     6     2     3     5     7     1     0     0     0     1     0     3     1     1   577     0
   760     1     1     2     2     4     6     8     0     1     1     0     0     3     0     1   562     0
   761     1     2     2     4     6     8     2     1     1     0     0     1     2     1     0   561     0
   762     1     2     2     4     6     8     2     1     0     0     0     0     1     0     1   698     1
   763     2     5     0     1     3     5     7     0     1     0     1     0     3     1     1   572     0
   764     2     8     1     7     1     3     5     1     0     0     0     1     2     1     1   747     0
   765     1     3     1     6     8     2     4     0     0     0     1     0     3     1     0   902     0
   766     1     3     1     6     8     2     4     0     1     0     1     0     1     0     1   532     0
   767     1     3     1     6     8     2     4     0     0     0     1     1     1     0     1   512     0
   768     1     3     1     6     8     2     4     0     1     1     1     1     1     0     1   492     0
   769     2     7     0     5     7     1     3     1     1     1     0     0     3     1     0   659     0
   770     2     7     0     5     7     1     3     0     0     1     0     1     1     1     1   581     0
   771     2     8     1     7     1     3     5     1     0     1     0     0     2     1     0   693     0
   772     2     6     2     3     5     7     1     1     0     0     1     1     2     0     0   507     0
   773     2     5     0     1     3     5     7     1     1     1     0     1     2     0     1   534     0
   774     2     8     1     7     1     3     5     0     1     0     1     0     2     1     0   861     0
   775     2     7     0     5     7     1     3     1     1     0     1     1     2     1     0   598     1
   776     2     5     0     1     3     5     7     0     0     0     0     1     2     1     1   746     1
   777     1     1     2     2     4     6     8     1     1     0     0     1     3     1     1   756     0
   778     1     1     2     2     4     6     8     0     1     1     0     1     1     1     0   472     0
   779     2     6     2     3     5     7     1     1     0     0     0     1     3     1     1   590     0
   780     1     3     1     6     8     2     4     0     1     1     1     0     3     1     1   446     0
   781     1     3     1     6     8     2     4     0     0     0     1     0     1     0     1   704     0
   782     1     3     1     6     8     2     4     0     1     0     0     0     1     0     1   414     0
   783     1     4     1     8     2     4     6     0     0     0     0     1     2     0     1   612     0
   784     1     4     1     8     2     4     6     1     1     1     0     1     1     1     1   677     0
   785     1     3     1     6     8     2     4     1     0     0     0     0     2     0     1   837     1
   786     1     3     1     6     8     2     4     1     1     0     0     0     1     0     1   893     0
   787     2     6     2     3     5     7     1     1     0     1     0     0     3     0     1  1143     0
   788     2     6     2     3     5     7     1     0     0     0     0     0     1     1     0   553     0
   789     2     8     1     7     1     3     5     1     0     0     0     0     2     1     0   684     0
   790     2     8     1     7     1     3     5     0     0     0     1     1     1     1     0   521     0
   791     2     5     0     1     3     5     7     1     1     1     1     0     2     1     1   957     0
   792     2     5     0     1     3     5     7     1     1     1     1     1     1     0     0   391     0
   793     1     1     2     2     4     6     8     1     0     1     0     1     3     0     1   597     0
   794     1     1     2     2     4     6     8     1     1     1     0     0     1     0     1   489     0
   795     1     4     1     8     2     4     6     0     1     1     0     0     2     1     0   728     0
   796     1     4     1     8     2     4     6     0     1     1     1     0     1     0     0   534     0
   797     2     7     0     5     7     1     3     0     0     1     0     1     3     0     1   681     0
   798     2     7     0     5     7     1     3     0     0     0     0     1     1     0     0   515     0
   799     2     5     0     1     3     5     7     0     1     0     1     1     2     0     1   523     0
   800     2     5     0     1     3     5     7     1     1     0     0     0     1     1     0   810     0
   801     1     4     1     8     2     4     6     0     1     0     1     0     3     1     0   515     0
   802     2     7     0     5     7     1     3     1     1     0     1     1     3     1     0   630     0
   803     1     1     2     2     4     6     8     0     0     0     0     1     3     1     1   611     0
   804     1     1     2     2     4     6     8     0     0     1     0     0     1     0     0   528     0
   805     2     5     0     1     3     5     7     0     1     0     0     1     3     0     1   642     0
   806     2     5     0     1     3     5     7     1     1     1     1     1     1     1     0   456     0
   807     2     7     0     5     7     1     3     1     1     1     1     0     2     0     0   562     1
   808     2     8     1     7     1     3     5     0     1     1     1     1     2     1     0   576     0
   809     1     3     1     6     8     2     4     1     0     1     0     1     3     1     1   672     1
   810     2     8     1     7     1     3     5     0     1     1     1     1     3     1     1   453     0
   811     2     5     0     1     3     5     7     0     1     1     1     0     2     0     0   702     0
   812     2     5     0     1     3     5     7     0     1     1     0     0     1     0     0   520     0
   813     1     2     2     4     6     8     2     0     0     1     1     1     3     0     1   572     0
   814     1     3     1     6     8     2     4     0     0     1     0     0     2     0     0   588     0
   815     2     7     0     5     7     1     3     0     0     1     0     0     3     0     0   460     0
   816     2     8     1     7     1     3     5     0     0     1     0     1     2     0     0   578     0
   817     1     4     1     8     2     4     6     1     1     0     0     1     3     1     1   619     0
   818     1     4     1     8     2     4     6     0     0     0     1     1     1     1     1   872     0
   819     2     5     0     1     3     5     7     0     1     0     1     1     3     0     1   454     0
   820     2     5     0     1     3     5     7     1     1     1     0     0     1     1     0   728     0
   821     2     6     2     3     5     7     1     0     1     0     1     0     2     1     0   671     1
   822     2     6     2     3     5     7     1     1     0     0     0     1     1     1     1   803     0
   823     1     1     2     2     4     6     8     0     1     0     1     0     3     1     1   671     0
   824     2     8     1     7     1     3     5     0     1     0     0     1     3     0     0   636     0
   825     2     6     2     3     5     7     1     1     1     0     0     0     2     1     0   586     0
   826     1     1     2     2     4     6     8     0     0     1     0     0     3     1     1   590     0
   827     1     2     2     4     6     8     2     0     1     0     0     1     2     0     1   529     0
   828     2     7     0     5     7     1     3     1     1     1     1     0     3     1     0   872     0
   829     1     1     2     2     4     6     8     1     0     1     0     1     3     0     1   587     0
   830     1     2     2     4     6     8     2     1     0     1     1     1     2     0     0   538     0
   831     2     7     0     5     7     1     3     0     1     1     1     1     3     1     1   446     0
   832     2     8     1     7     1     3     5     0     0     1     1     0     2     0     1   580     0
   833     2     8     1     7     1     3     5     1     1     0     0     1     1     1     1   684     0
   834     1     1     2     2     4     6     8     1     1     1     1     0     3     0     0   633     1
   835     1     1     2     2     4     6     8     0     0     1     0     0     1     1     1   619     0
   836     1     3     1     6     8     2     4     0     1     1     0     1     2     0     1   372     0
   837     1     2     2     4     6     8     2     0     0     0     1     0     2     0     1   621     0
   838     1     2     2     4     6     8     2     0     1     0     1     0     1     0     1   782     0
   839     2     8     1     7     1     3     5     0     1     1     0     1     3     0     0   450     0
   840     2     8     1     7     1     3     5     0     0     1     0     1     1     0     1   548     0
   841     2     8     1     7     1     3     5     1     0     0     1     1     1     1     0   831     0
   842     2     8     1     7     1     3     5     0     1     1     1     0     1     1     1   483     0
   843     2     5     0     1     3     5     7     0     1     0     1     1     2     0     0   502     0
   844     2     5     0     1     3     5     7     0     0     1     0     0     1     0     1   573     0
   845     1     3     1     6     8     2     4     0     1     0     0     0     3     0     1   565     0
   846     2     6     2     3     5     7     1     0     1     0     1     0     3     0     0   488     0
   847     2     6     2     3     5     7     1     1     0     0     1     1     1     1     1   843     0
   848     2     6     2     3     5     7     1     0     1     1     1     1     1     1     1   596     0
   849     1     2     2     4     6     8     2     0     0     1     0     1     3     0     1   556     0
   850     2     5     0     1     3     5     7     0     1     0     0     0     3     0     1   576     0
   851     2     5     0     1     3     5     7     0     1     1     0     0     1     0     0   415     0
   852     1     2     2     4     6     8     2     1     1     0     1     0     3     1     0   570     0
   853     2     7     0     5     7     1     3     1     1     0     1     1     3     0     0   489     0
   854     1     4     1     8     2     4     6     0     1     0     0     1     3     1     0   476     0
   855     1     1     2     2     4     6     8     0     1     1     1     1     2     0     0   431     0
   856     1     2     2     4     6     8     2     1     1     0     1     0     2     1     0   464     0
   857     1     4     1     8     2     4     6     1     1     1     0     1     2     0     0   382     0
   858     1     2     2     4     6     8     2     0     0     1     0     0     2     1     1   578     0
   859     2     5     0     1     3     5     7     0     0     1     0     0     3     0     0   559     1
   860     2     5     0     1     3     5     7     0     1     0     1     1     1     0     1   455     0
   861     2     5     0     1     3     5     7     1     0     1     1     1     1     1     1   580     1
   862     2     7     0     5     7     1     3     0     0     0     0     1     2     1     0   844     0
   863     2     8     1     7     1     3     5     1     0     0     1     0     2     1     0   561     0
   864     1     1     2     2     4     6     8     0     0     0     1     1     3     1     0   609     0
   865     2     8     1     7     1     3     5     1     0     0     0     0     3     1     0   495     0
   866     2     8     1     7     1     3     5     1     0     1     0     1     1     0     0   477     0
   867     2     7     0     5     7     1     3     1     1     1     0     0     2     0     1   804     0
   868     2     7     0     5     7     1     3     1     1     0     0     0     1     0     0   492     0
   869     2     8     1     7     1     3     5     1     1     0     1     0     2     0     0   502     0
   870     1     3     1     6     8     2     4     0     0     1     1     1     3     1     1   685     0
   871     1     4     1     8     2     4     6     1     0     1     0     1     2     1     0   755     0
   872     1     4     1     8     2     4     6     1     0     1     0     1     1     0     0   421     0
   873     2     8     1     7     1     3     5     1     1     0     1     1     3     0     1   407     0
   874     2     8     1     7     1     3     5     0     1     0     0     1     1     1     0   507     0
   875     1     2     2     4     6     8     2     1     0     1     1     0     3     1     1   606     0
   876     1     2     2     4     6     8     2     0     0     0     1     1     1     1     0   583     0
   877     2     6     2     3     5     7     1     0     1     0     1     1     3     0     1   654     0
   878     2     5     0     1     3     5     7     1     1     1     1     0     2     1     0   568     0
   879     2     5     0     1     3     5     7     0     1     0     1     0     1     1     0   496     0
   880     2     6     2     3     5     7     1     0     0     0     0     1     2     0     1   515     1
   881     2     5     0     1     3     5     7     0     1     1     0     1     2     0     1   915     0
   882     2     5     0     1     3     5     7     0     1     1     1     0     1     0     0   518     0
   883     2     8     1     7     1     3     5     0     1     0     0     0     2     0     0   573     0
   884     2     7     0     5     7     1     3     0     1     0     0     0     2     0     0   624     0
   885     2     6     2     3     5     7     1     1     1     0     0     1     2     1     0  1005     1
   886     2     7     0     5     7     1     3     1     0     1     1     0     2     0     1   793     0
   887     2     5     0     1     3     5     7     1     0     0     1     0     2     0     0   614     0
   888     2     6     2     3     5     7     1     1     1     0     0     1     2     0     1   483     0
   889     1     1     2     2     4     6     8     1     0     1     0     0     3     0     1   420     1
   890     1     1     2     2     4     6     8     1     1     1     1     1     1     0     1   506     0
   891     1     3     1     6     8     2     4     1     1     0     0     0     2     0     0   544     1
   892     1     4     1     8     2     4     6     1     1     1     0     1     2     0     0   594     0
   893     1     1     2     2     4     6     8     0     1     1     1     1     2     1     0   587     0
   894     1     1     2     2     4     6     8     1     1     1     0     1     1     1     0   475     0
   895     1     4     1     8     2     4     6     1     1     1     0     0     2     0     0   496     0
   896     1     4     1     8     2     4     6     1     1     1     0     1     1     0     0   383     0
