     1     1     3     1     6     8     2     4     0     0     1     0     1     0     1     1  1409     0
     2     1     3     1     6     8     2     4     1     0     0     1     1     1     1     0   707     0
     3     1     3     1     6     8     2     4     0     1     0     0     1     1     1     1   647     0
     4     1     3     1     6     8     2     4     1     1     1     1     1     1     1     0   736     0
     5     2     8     1     7     1     3     5     1     0     0     0     1     3     0     1   628     0
     6     2     6     2     3     5     7     1     1     1     0     1     0     2     0     1   717     0
     7     1     4     1     8     2     4     6     1     1     1     1     1     3     0     0   544     0
     8     1     4     1     8     2     4     6     1     1     0     1     1     1     0     0   667     0
     9     1     4     1     8     2     4     6     1     1     0     0     1     1     0     0   417     0
    10     1     1     2     2     4     6     8     1     1     0     1     0     2     0     0   555     0
    11     1     2     2     4     6     8     2     0     0     1     1     1     2     1     1   863     1
    12     1     2     2     4     6     8     2     1     0     1     1     0     1     1     0   772     0
    13     1     4     1     8     2     4     6     0     0     0     1     1     2     1     0   836     0
    14     1     1     2     2     4     6     8     0     1     0     1     1     2     0     1   690     0
    15     2     7     0     5     7     1     3     1     1     1     1     1     3     1     0  1037     1
    16     2     7     0     5     7     1     3     1     0     0     1     1     1     0     1  1500     2
    17     2     6     2     3     5     7     1     1     1     1     0     0     2     0     1   682     0
    18     2     6     2     3     5     7     1     0     1     1     1     1     1     1     0   480     0
    19     1     2     2     4     6     8     2     0     0     0     0     1     3     0     1   743     0
    20     1     3     1     6     8     2     4     1     0     0     1     1     2     1     0   694     0
    21     2     5     0     1     3     5     7     0     1     1     0     1     3     1     1   725     0
    22     2     5     0     1     3     5     7     0     0     1     1     1     1     0     1   484     0
    23     1     3     1     6     8     2     4     1     1     1     0     1     3     1     1   634     1
    24     1     3     1     6     8     2     4     1     1     0     0     1     1     0     0   850     0
    25     1     2     2     4     6     8     2     1     1     1     1     0     2     0     0   606     0
    26     1     2     2     4     6     8     2     1     0     0     0     0     1     0     1   748     0
    27     1     4     1     8     2     4     6     0     0     0     1     1     2     1     0  1300     0
    28     1     4     1     8     2     4     6     1     0     0     0     0     1     1     0   477     0
    29     2     7     0     5     7     1     3     0     1     1     1     0     3     1     1  1055     1
    30     2     7     0     5     7     1     3     0     0     0     0     1     1     0     1   783     0
    31     1     3     1     6     8     2     4     0     1     1     0     0     3     0     1   603     0
    32     1     3     1     6     8     2     4     1     1     0     1     0     1     1     0   655     1
    33     2     8     1     7     1     3     5     1     1     1     1     1     3     0     0   817     0
    34     2     5     0     1     3     5     7     1     1     0     1     1     2     0     0   598     0
    35     1     4     1     8     2     4     6     1     1     1     0     1     3     0     0   520     0
    36     1     1     2     2     4     6     8     1     1     1     0     1     2     0     0   435     0
    37     2     7     0     5     7     1     3     0     1     0     0     1     3     1     0  1500     2
    38     2     8     1     7     1     3     5     0     1     1     1     0     2     0     0   563     0
    39     2     5     0     1     3     5     7     0     1     0     0     0     2     0     0  1232     1
    40     2     8     1     7     1     3     5     0     0     0     0     1     2     0     1   712     0
    41     1     1     2     2     4     6     8     1     1     1     0     0     3     1     1  1067     0
    42     1     3     1     6     8     2     4     1     1     1     0     1     2     0     0   656     0
    43     1     1     2     2     4     6     8     0     1     0     1     0     2     1     0   546     0
    44     1     3     1     6     8     2     4     0     0     0     0     0     2     0     1   558     0
    45     1     1     2     2     4     6     8     1     0     1     1     0     2     1     0   878     0
    46     2     8     1     7     1     3     5     1     1     1     0     0     3     0     1  1096     0
    47     1     2     2     4     6     8     2     0     0     1     1     0     3     1     1   686     1
    48     1     2     2     4     6     8     2     0     1     0     1     1     1     0     1  1275     1
    49     1     2     2     4     6     8     2     0     0     0     0     0     1     0     1   572     0
    50     1     2     2     4     6     8     2     0     0     0     1     1     1     0     0   508     0
    51     1     2     2     4     6     8     2     0     0     0     0     0     1     0     0   483     0
    52     2     5     0     1     3     5     7     0     1     1     0     0     3     0     1   948     1
    53     1     1     2     2     4     6     8     0     0     0     1     1     3     0     1   599     0
    54     1     1     2     2     4     6     8     1     0     1     0     0     1     1     0   484     0
    55     1     4     1     8     2     4     6     1     1     0     0     1     2     0     1   527     0
    56     1     4     1     8     2     4     6     1     1     0     1     0     1     0     0   479     1
    57     2     8     1     7     1     3     5     0     0     1     1     0     3     1     1  1263     0
    58     2     5     0     1     3     5     7     1     1     1     1     0     2     1     1   593     0
    59     1     3     1     6     8     2     4     0     1     1     0     0     3     1     0  1073     0
    60     1     3     1     6     8     2     4     1     1     0     0     1     1     1     0   746     0
    61     1     1     2     2     4     6     8     1     0     1     0     0     2     0     1   602     0
    62     2     6     2     3     5     7     1     0     1     0     0     1     3     1     1   852     1
    63     2     6     2     3     5     7     1     1     1     0     0     1     1     1     0   872     0
    64     1     1     2     2     4     6     8     1     1     1     0     0     3     0     0   618     0
    65     1     3     1     6     8     2     4     0     0     1     1     1     2     1     1   779     0
    66     1     2     2     4     6     8     2     1     0     0     0     1     2     1     0  1500     2
    67     1     3     1     6     8     2     4     0     0     1     0     1     2     1     0   760     1
    68     2     8     1     7     1     3     5     0     1     0     0     0     3     0     1   864     0
    69     1     1     2     2     4     6     8     1     0     1     1     1     3     1     1   693     1
    70     1     1     2     2     4     6     8     0     1     0     0     0     1     1     1  1131     0
    71     1     2     2     4     6     8     2     1     0     0     0     1     2     1     1   697     0
    72     1     2     2     4     6     8     2     0     0     0     1     1     1     1     0   836     0
    73     2     7     0     5     7     1     3     1     0     0     0     1     3     1     0   528     0
    74     2     5     0     1     3     5     7     1     0     0     0     1     2     0     0   863     1
    75     1     3     1     6     8     2     4     1     1     1     1     1     3     0     1   864     0
    76     2     8     1     7     1     3     5     1     0     1     0     0     3     0     1   586     0
    77     1     4     1     8     2     4     6     0     1     1     0     0     3     1     1  1142     0
    78     1     4     1     8     2     4     6     1     1     0     1     1     1     1     0  1181     0
    79     2     5     0     1     3     5     7     1     0     0     1     0     3     0     1   605     0
    80     2     5     0     1     3     5     7     0     0     1     1     0     1     1     0  1218     0
    81     1     1     2     2     4     6     8     1     0     0     1     1     3     1     0   598     0
    82     1     2     2     4     6     8     2     1     1     1     0     1     2     0     1   794     0
    83     2     5     0     1     3     5     7     0     1     0     1     1     3     1     0   778     0
    84     2     5     0     1     3     5     7     0     1     1     0     1     1     0     0   504     0
    85     2     8     1     7     1     3     5     1     1     1     0     0     2     1     0   687     0
    86     2     8     1     7     1     3     5     1     1     0     0     1     1     0     0   417     0
    87     1     2     2     4     6     8     2     1     1     0     1     0     3     0     0   623     0
    88     1     2     2     4     6     8     2     0     1     1     0     1     1     1     0   648     0
    89     2     7     0     5     7     1     3     1     1     1     0     1     3     1     0   496     0
    90     1     4     1     8     2     4     6     0     1     0     1     1     3     1     0   746     0
    91     1     2     2     4     6     8     2     0     1     1     0     1     2     0     0   654     1
    92     1     3     1     6     8     2     4     1     0     1     0     1     2     1     1   891     0
    93     1     2     2     4     6     8     2     1     1     0     1     0     2     0     1  1173     0
    94     1     2     2     4     6     8     2     0     1     0     0     0     1     1     0   845     0
    95     1     1     2     2     4     6     8     0     1     0     0     0     2     0     0   790     0
    96     1     1     2     2     4     6     8     1     1     0     1     0     1     1     0  1282     0
    97     2     5     0     1     3     5     7     0     1     1     0     1     3     1     0   550     0
    98     2     5     0     1     3     5     7     1     1     1     0     1     1     1     0   421     0
    99     2     5     0     1     3     5     7     1     1     0     0     1     1     0     0   410     0
   100     2     5     0     1     3     5     7     1     0     1     1     1     1     0     1   931     0
   101     2     6     2     3     5     7     1     0     1     1     1     0     2     1     1  1266     0
   102     2     5     0     1     3     5     7     1     1     0     0     0     2     1     0   783     0
   103     2     7     0     5     7     1     3     0     0     1     0     0     2     1     1   831     0
   104     2     8     1     7     1     3     5     0     1     0     0     1     2     0     1   692     0
   105     2     8     1     7     1     3     5     1     1     0     1     0     1     1     0   574     0
   106     2     8     1     7     1     3     5     1     0     1     1     0     1     0     1   542     0
   107     2     6     2     3     5     7     1     1     1     0     1     0     2     0     1   474     0
   108     2     6     2     3     5     7     1     0     1     1     0     1     1     1     0   735     0
   109     2     5     0     1     3     5     7     1     1     0     0     1     2     1     0   679     0
   110     1     4     1     8     2     4     6     0     1     0     1     0     3     1     0   980     0
   111     1     3     1     6     8     2     4     0     1     0     0     1     2     0     0   679     0
   112     1     3     1     6     8     2     4     1     0     1     1     0     1     1     1   925     0
   113     2     8     1     7     1     3     5     0     0     1     1     1     3     1     0   725     1
   114     2     8     1     7     1     3     5     1     0     1     1     1     1     1     0   800     0
   115     2     7     0     5     7     1     3     1     0     1     1     1     2     0     0  1100     0
   116     2     7     0     5     7     1     3     0     0     0     0     0     1     1     0   515     0
   117     2     7     0     5     7     1     3     1     0     1     0     1     1     1     0   444     0
   118     2     5     0     1     3     5     7     0     0     1     0     1     2     1     0   527     0
   119     2     7     0     5     7     1     3     0     0     1     1     0     2     0     0   506     0
   120     1     4     1     8     2     4     6     1     1     1     1     0     3     1     1  1369     1
   121     2     5     0     1     3     5     7     0     0     1     1     0     3     1     1  1196     0
   122     2     7     0     5     7     1     3     1     0     1     1     1     2     1     0   928     0
   123     2     6     2     3     5     7     1     1     0     1     1     0     2     0     0   602     0
   124     2     8     1     7     1     3     5     0     1     0     0     0     2     1     1   666     0
   125     1     1     2     2     4     6     8     0     0     0     0     0     3     0     1   576     0
   126     1     3     1     6     8     2     4     0     0     1     1     0     2     0     0   568     0
   127     2     6     2     3     5     7     1     1     0     0     0     1     3     1     0   772     0
   128     1     3     1     6     8     2     4     0     1     0     1     1     3     1     1   580     0
   129     1     3     1     6     8     2     4     1     1     1     0     0     1     1     0   841     0
   130     1     3     1     6     8     2     4     0     0     0     0     1     1     1     1   622     0
   131     1     1     2     2     4     6     8     0     0     0     0     0     2     0     0   750     0
   132     1     4     1     8     2     4     6     0     0     1     1     1     2     0     0   902     0
   133     2     5     0     1     3     5     7     0     1     0     1     0     3     0     1  1237     0
   134     2     5     0     1     3     5     7     0     1     0     1     1     1     0     0   590     0
   135     2     8     1     7     1     3     5     0     0     1     1     1     2     0     1   654     0
   136     2     6     2     3     5     7     1     0     1     0     0     0     2     0     1   716     0
   137     1     1     2     2     4     6     8     1     0     0     0     0     3     1     1   611     0
   138     1     1     2     2     4     6     8     0     1     0     0     0     1     1     1   835     0
   139     1     3     1     6     8     2     4     0     1     0     1     0     2     0     0   760     0
   140     1     3     1     6     8     2     4     1     1     0     1     1     1     1     0   772     0
   141     2     5     0     1     3     5     7     0     1     0     0     1     3     1     0   667     0
   142     2     5     0     1     3     5     7     1     1     0     1     0     1     1     0   449     0
   143     2     6     2     3     5     7     1     0     0     1     0     0     2     1     1   619     0
   144     2     8     1     7     1     3     5     1     0     0     0     0     2     1     0   728     0
   145     2     5     0     1     3     5     7     0     0     1     1     1     2     1     0   943     1
   146     2     5     0     1     3     5     7     1     0     0     0     1     1     1     0  1080     0
   147     2     6     2     3     5     7     1     1     0     1     0     1     2     0     0   466     0
   148     2     5     0     1     3     5     7     1     1     0     1     0     2     0     1   924     0
   149     2     5     0     1     3     5     7     0     0     0     0     0     1     1     1   967     1
   150     2     5     0     1     3     5     7     1     1     1     0     0     1     1     1   666     1
   151     2     7     0     5     7     1     3     0     0     1     0     0     2     1     1  1251     0
   152     2     7     0     5     7     1     3     1     0     0     1     0     1     1     0   875     0
   153     1     1     2     2     4     6     8     0     1     0     0     1     3     1     1   789     0
   154     1     1     2     2     4     6     8     0     0     1     0     0     1     0     1   617     0
   155     2     7     0     5     7     1     3     1     0     1     1     0     3     1     0   885     0
   156     2     8     1     7     1     3     5     0     1     0     0     1     2     1     1   868     0
   157     1     2     2     4     6     8     2     0     1     1     0     0     3     0     0   622     1
   158     1     2     2     4     6     8     2     0     1     1     0     1     1     0     0  1150     0
   159     2     6     2     3     5     7     1     1     1     1     1     1     3     1     0   560     0
   160     2     6     2     3     5     7     1     1     0     0     1     0     1     0     1   532     0
   161     2     8     1     7     1     3     5     1     0     0     0     0     2     0     0  1023     0
   162     2     8     1     7     1     3     5     0     0     1     0     1     1     1     0   767     0
   163     1     2     2     4     6     8     2     0     0     0     0     1     3     0     0   598     0
   164     2     5     0     1     3     5     7     0     1     0     1     0     3     0     1  1500     2
   165     1     3     1     6     8     2     4     0     1     0     0     1     3     0     0  1023     0
   166     1     3     1     6     8     2     4     0     0     1     1     0     1     0     1   547     0
   167     2     5     0     1     3     5     7     0     1     1     1     0     3     0     1   831     0
   168     2     6     2     3     5     7     1     1     0     0     1     1     2     1     1   900     1
   169     1     2     2     4     6     8     2     0     1     1     1     1     3     1     1   913     0
   170     1     2     2     4     6     8     2     0     0     1     0     1     1     0     1   611     0
   171     1     1     2     2     4     6     8     1     0     1     1     0     2     1     0   858     1
   172     1     1     2     2     4     6     8     1     0     0     1     0     1     0     0   752     0
   173     1     1     2     2     4     6     8     1     1     0     0     0     1     0     1   714     0
   174     1     1     2     2     4     6     8     0     1     1     0     0     1     1     0   913     0
   175     2     7     0     5     7     1     3     1     1     0     0     1     3     1     0   767     1
   176     2     7     0     5     7     1     3     1     0     0     1     1     1     0     1  1074     0
   177     1     2     2     4     6     8     2     0     1     1     0     1     3     1     1   868     0
   178     1     3     1     6     8     2     4     1     0     1     1     0     2     1     1   967     0
   179     2     7     0     5     7     1     3     0     0     0     0     1     3     1     0   607     0
   180     2     8     1     7     1     3     5     0     1     0     0     1     2     0     1   676     0
   181     1     3     1     6     8     2     4     0     1     0     1     1     3     0     0   686     0
   182     1     3     1     6     8     2     4     1     0     0     0     0     1     1     1   820     0
   183     1     1     2     2     4     6     8     0     0     0     1     1     2     1     0  1174     0
   184     1     2     2     4     6     8     2     1     0     0     1     1     2     1     0   612     0
   185     1     3     1     6     8     2     4     1     0     1     0     0     2     0     0   508     0
   186     1     1     2     2     4     6     8     0     1     0     1     0     2     1     1   839     0
   187     2     8     1     7     1     3     5     0     0     1     0     0     3     0     1   544     0
   188     2     8     1     7     1     3     5     0     1     1     0     1     1     0     1   791     0
   189     1     2     2     4     6     8     2     1     1     1     0     1     3     1     0   830     0
   190     1     2     2     4     6     8     2     0     1     0     1     1     1     1     0  1012     0
   191     2     5     0     1     3     5     7     1     1     1     1     1     3     1     0   792     0
   192     2     5     0     1     3     5     7     0     0     0     1     0     1     1     1   888     0
   193     2     7     0     5     7     1     3     0     1     1     1     1     2     0     1   758     0
   194     2     7     0     5     7     1     3     1     0     0     0     0     1     1     1   709     0
   195     1     4     1     8     2     4     6     1     0     1     0     1     3     0     0   856     0
   196     2     7     0     5     7     1     3     1     0     1     0     0     3     0     0   850     0
   197     1     4     1     8     2     4     6     1     1     0     1     1     3     0     1   624     0
   198     1     4     1     8     2     4     6     1     1     0     1     1     1     0     0   680     0
   199     2     8     1     7     1     3     5     0     0     0     1     1     3     1     1   803     1
   200     2     8     1     7     1     3     5     1     1     1     0     1     1     1     1   710     0
   201     1     1     2     2     4     6     8     0     1     1     1     1     3     1     0   840     0
   202     1     2     2     4     6     8     2     0     1     1     1     1     2     0     0   809     0
   203     1     4     1     8     2     4     6     1     1     0     1     0     2     1     0   689     1
   204     1     3     1     6     8     2     4     1     1     1     1     0     2     0     0   947     0
   205     1     1     2     2     4     6     8     0     0     1     1     0     2     1     1   802     0
   206     1     1     2     2     4     6     8     1     1     0     0     1     1     1     1   838     0
   207     2     5     0     1     3     5     7     0     0     1     0     1     3     1     1  1500     2
   208     2     7     0     5     7     1     3     0     0     0     1     0     2     0     0  1283     0
   209     2     6     2     3     5     7     1     0     1     0     0     1     2     0     1   682     0
   210     2     6     2     3     5     7     1     0     0     1     0     0     1     0     1   640     0
   211     2     8     1     7     1     3     5     1     0     1     1     0     2     1     0   789     0
   212     2     6     2     3     5     7     1     0     1     0     1     1     2     1     1   589     0
   213     1     3     1     6     8     2     4     0     0     1     1     1     3     0     1   666     0
   214     1     3     1     6     8     2     4     0     0     1     0     1     1     0     0   483     0
   215     2     6     2     3     5     7     1     1     0     0     0     1     3     1     0   738     0
   216     2     6     2     3     5     7     1     0     1     1     0     0     1     1     1   774     0
   217     1     4     1     8     2     4     6     1     0     0     0     0     3     1     1   622     0
   218     1     4     1     8     2     4     6     1     1     1     1     1     1     0     1   508     0
   219     1     2     2     4     6     8     2     1     0     0     0     0     2     0     1   635     0
   220     1     2     2     4     6     8     2     1     1     1     0     0     1     0     1   552     0
   221     1     4     1     8     2     4     6     0     0     0     0     0     2     1     1   595     0
   222     1     4     1     8     2     4     6     0     0     1     0     0     1     0     0   736     0
   223     2     6     2     3     5     7     1     0     0     1     1     0     3     0     0   506     0
   224     2     6     2     3     5     7     1     0     1     1     0     1     1     0     1   517     0
   225     2     8     1     7     1     3     5     1     1     1     0     1     2     1     0   592     1
   226     2     8     1     7     1     3     5     1     1     0     0     0     1     0     0   788     0
   227     2     5     0     1     3     5     7     1     1     1     0     0     2     0     0   556     0
   228     2     6     2     3     5     7     1     0     0     0     1     0     2     1     1   784     0
   229     1     3     1     6     8     2     4     1     0     1     1     0     3     1     0   661     0
   230     1     4     1     8     2     4     6     0     1     0     0     0     2     1     1   763     0
   231     1     3     1     6     8     2     4     1     0     0     1     0     2     1     1   630     0
   232     1     4     1     8     2     4     6     1     1     1     0     1     2     0     1   587     1
   233     1     3     1     6     8     2     4     1     0     0     0     1     2     0     1   795     0
   234     2     6     2     3     5     7     1     0     1     1     1     0     3     1     1   780     0
   235     2     5     0     1     3     5     7     1     1     1     0     0     2     1     0   771     0
   236     2     8     1     7     1     3     5     0     0     1     0     0     2     1     1   623     0
   237     1     2     2     4     6     8     2     1     1     1     0     1     3     1     1  1172     0
   238     1     3     1     6     8     2     4     0     1     0     1     0     2     1     0   971     0
   239     2     5     0     1     3     5     7     0     0     0     0     1     3     0     1  1022     0
   240     2     5     0     1     3     5     7     1     1     0     1     0     1     1     1  1079     0
   241     2     8     1     7     1     3     5     0     0     1     0     0     2     1     1   617     0
   242     2     8     1     7     1     3     5     1     1     1     1     1     1     1     1   718     0
   243     1     1     2     2     4     6     8     1     0     0     1     0     3     0     1   709     0
   244     1     2     2     4     6     8     2     1     0     0     0     0     2     0     0   592     0
   245     1     2     2     4     6     8     2     1     1     1     1     1     1     0     1   508     1
   246     1     2     2     4     6     8     2     1     0     1     0     1     1     0     1  1118     0
   247     1     3     1     6     8     2     4     1     1     1     1     1     2     0     1   553     0
   248     1     2     2     4     6     8     2     1     0     0     0     0     2     0     1   557     0
   249     2     6     2     3     5     7     1     1     1     1     1     1     3     0     1   609     1
   250     2     6     2     3     5     7     1     1     0     1     1     0     1     0     1   948     0
   251     2     8     1     7     1     3     5     1     1     0     0     1     2     0     1   603     0
   252     2     8     1     7     1     3     5     0     1     1     0     0     1     1     0   723     0
   253     1     2     2     4     6     8     2     0     0     0     0     1     3     0     1   690     0
   254     1     2     2     4     6     8     2     0     1     1     0     0     1     0     1   801     0
   255     1     3     1     6     8     2     4     0     1     0     0     0     2     0     0   724     0
   256     1     4     1     8     2     4     6     1     0     1     1     0     2     1     1   704     0
   257     1     2     2     4     6     8     2     1     0     0     0     1     2     0     0   550     0
   258     1     2     2     4     6     8     2     0     0     1     1     1     1     1     0   623     0
   259     1     1     2     2     4     6     8     1     0     0     0     0     2     1     0   715     0
   260     1     4     1     8     2     4     6     0     1     1     0     0     2     1     1   800     0
   261     2     6     2     3     5     7     1     1     0     1     1     1     3     1     1   629     0
   262     2     7     0     5     7     1     3     1     0     0     0     0     2     0     0   906     1
   263     2     6     2     3     5     7     1     0     0     1     0     0     2     1     0   800     0
   264     2     6     2     3     5     7     1     1     0     0     1     1     1     1     0   492     0
   265     2     8     1     7     1     3     5     0     1     1     1     1     2     1     1   603     0
   266     1     1     2     2     4     6     8     0     1     0     1     0     3     0     0   628     1
   267     2     5     0     1     3     5     7     0     1     0     0     1     3     0     0   536     0
   268     2     5     0     1     3     5     7     0     1     1     0     0     1     0     0   456     0
   269     2     5     0     1     3     5     7     0     0     0     1     0     1     0     1   638     0
   270     1     4     1     8     2     4     6     1     1     0     0     1     3     1     1   907     0
   271     2     6     2     3     5     7     1     1     0     0     0     1     3     0     1   630     0
   272     2     6     2     3     5     7     1     1     1     1     1     0     1     0     1   599     1
   273     2     6     2     3     5     7     1     0     0     1     0     0     1     1     1  1043     0
   274     2     6     2     3     5     7     1     1     0     0     1     1     1     1     0   596     0
   275     2     6     2     3     5     7     1     0     1     1     0     0     1     1     1   537     0
   276     2     6     2     3     5     7     1     0     0     0     1     0     1     0     1   593     0
   277     1     4     1     8     2     4     6     0     0     0     1     1     3     0     0  1162     0
   278     2     7     0     5     7     1     3     0     1     0     1     0     3     0     1   708     0
   279     2     5     0     1     3     5     7     1     1     1     1     0     2     1     0   831     1
   280     2     7     0     5     7     1     3     0     1     1     1     0     2     1     0  1319     1
   281     2     7     0     5     7     1     3     1     0     0     0     1     1     1     1   836     0
   282     2     7     0     5     7     1     3     0     1     1     0     1     1     1     1   868     0
   283     1     3     1     6     8     2     4     1     1     0     0     0     3     1     0   893     0
   284     1     3     1     6     8     2     4     0     1     0     0     0     1     1     0   656     0
   285     2     6     2     3     5     7     1     1     1     1     1     0     3     1     0   542     0
   286     2     6     2     3     5     7     1     0     1     1     1     1     1     1     0   442     0
   287     2     7     0     5     7     1     3     1     0     0     0     1     2     1     1   647     0
   288     2     7     0     5     7     1     3     0     1     0     0     0     1     1     1   568     0
   289     2     5     0     1     3     5     7     1     0     0     1     0     2     1     1   787     0
   290     2     5     0     1     3     5     7     0     1     0     0     1     1     1     1   667     0
   291     2     8     1     7     1     3     5     0     0     0     1     1     2     0     1   780     0
   292     2     8     1     7     1     3     5     0     1     0     1     1     1     0     1   556     0
   293     1     3     1     6     8     2     4     1     1     0     0     0     3     1     0   965     0
   294     1     2     2     4     6     8     2     0     1     1     1     0     2     1     0   596     0
   295     2     5     0     1     3     5     7     0     1     1     0     0     3     0     0   577     0
   296     2     5     0     1     3     5     7     0     0     0     0     1     1     0     1   512     0
   297     2     8     1     7     1     3     5     0     1     1     0     1     2     0     1   543     0
   298     1     3     1     6     8     2     4     1     0     0     1     0     3     1     1   606     0
   299     1     1     2     2     4     6     8     0     1     0     0     0     2     1     1   863     0
   300     1     1     2     2     4     6     8     0     0     0     0     0     1     0     1   673     1
   301     2     8     1     7     1     3     5     0     1     0     0     0     3     0     1   587     0
   302     2     8     1     7     1     3     5     1     1     0     0     1     1     1     0   743     0
   303     2     7     0     5     7     1     3     0     1     1     0     0     2     1     0   805     1
   304     1     2     2     4     6     8     2     0     0     0     1     1     3     0     1   585     0
   305     1     2     2     4     6     8     2     1     1     0     0     0     1     1     1  1005     0
   306     2     7     0     5     7     1     3     1     1     0     1     0     3     0     0   562     0
   307     1     3     1     6     8     2     4     1     1     1     1     1     3     0     0   462     0
   308     1     4     1     8     2     4     6     1     1     0     0     0     2     0     0   624     1
   309     2     8     1     7     1     3     5     0     1     1     1     1     3     1     0   612     0
   310     2     8     1     7     1     3     5     1     1     0     0     1     1     1     0   457     0
   311     2     5     0     1     3     5     7     0     1     0     0     0     2     1     0  1108     0
   312     1     2     2     4     6     8     2     0     0     0     0     1     3     0     1   626     0
   313     1     4     1     8     2     4     6     1     1     0     0     0     2     1     1  1500     2
   314     1     3     1     6     8     2     4     0     1     0     1     1     2     1     0   831     0
   315     2     5     0     1     3     5     7     1     0     0     1     1     3     1     1   857     0
   316     2     5     0     1     3     5     7     1     0     0     0     0     1     0     0   498     0
   317     2     8     1     7     1     3     5     1     1     1     0     1     2     0     1   772     0
   318     2     8     1     7     1     3     5     0     0     0     1     0     1     1     1   893     0
   319     2     7     0     5     7     1     3     1     0     1     0     0     2     1     0   651     0
   320     1     4     1     8     2     4     6     1     0     0     0     0     3     0     0   665     0
   321     2     6     2     3     5     7     1     0     0     0     1     0     3     1     0   699     0
   322     2     6     2     3     5     7     1     1     0     0     0     0     1     1     0   584     0
   323     2     8     1     7     1     3     5     0     0     0     1     1     2     1     0   676     0
   324     2     8     1     7     1     3     5     1     0     1     0     0     1     1     0   418     0
   325     1     1     2     2     4     6     8     1     1     0     1     1     3     0     1   559     0
   326     1     1     2     2     4     6     8     1     1     0     1     0     1     0     0   391     0
   327     1     1     2     2     4     6     8     1     1     1     0     1     1     0     0   408     0
   328     1     2     2     4     6     8     2     1     0     1     1     0     2     0     1   620     0
   329     2     5     0     1     3     5     7     1     0     0     0     0     3     0     0   674     0
   330     2     5     0     1     3     5     7     0     0     0     1     0     1     1     0  1044     0
   331     1     2     2     4     6     8     2     1     0     1     0     0     3     1     0   556     0
   332     1     2     2     4     6     8     2     1     0     0     1     0     1     0     0   399     0
   333     1     1     2     2     4     6     8     0     0     0     0     1     2     1     0  1132     0
   334     1     1     2     2     4     6     8     0     1     1     0     1     1     0     1   639     0
   335     2     6     2     3     5     7     1     0     0     1     1     1     3     0     1   581     1
   336     1     1     2     2     4     6     8     0     1     1     0     1     3     0     1  1144     0
   337     2     7     0     5     7     1     3     1     1     0     0     0     3     1     0  1235     0
   338     2     7     0     5     7     1     3     1     0     0     1     0     1     0     1   771     0
   339     2     5     0     1     3     5     7     1     1     0     0     1     2     0     1   611     0
   340     2     6     2     3     5     7     1     1     1     0     1     1     2     0     0   792     0
   341     1     3     1     6     8     2     4     0     0     1     0     1     3     1     1  1208     0
   342     1     3     1     6     8     2     4     0     0     0     0     0     1     0     0   573     0
   343     1     4     1     8     2     4     6     1     0     1     0     0     2     1     0   832     0
   344     1     2     2     4     6     8     2     0     0     1     0     0     2     1     0   661     0
   345     2     5     0     1     3     5     7     0     1     1     0     1     3     0     1   575     0
   346     2     5     0     1     3     5     7     0     1     1     1     0     1     0     0   456     0
   347     2     5     0     1     3     5     7     0     1     0     0     1     1     0     0   445     0
   348     2     5     0     1     3     5     7     0     0     0     0     1     1     0     1   562     0
   349     2     7     0     5     7     1     3     0     0     0     1     1     2     0     0   555     1
   350     2     7     0     5     7     1     3     0     0     0     0     1     1     0     0   521     0
   351     1     1     2     2     4     6     8     0     1     0     0     0     3     0     1   536     0
   352     2     8     1     7     1     3     5     0     0     1     0     1     3     0     1   595     0
   353     2     7     0     5     7     1     3     1     1     1     0     1     2     1     1   980     1
   354     2     7     0     5     7     1     3     1     0     0     0     0     1     0     1   632     0
   355     1     3     1     6     8     2     4     0     1     1     0     0     3     1     1   702     0
   356     1     1     2     2     4     6     8     0     0     0     1     0     2     0     1   576     0
   357     2     7     0     5     7     1     3     0     0     0     1     0     3     0     0   616     0
   358     1     2     2     4     6     8     2     0     0     1     0     1     3     0     0   552     0
   359     2     7     0     5     7     1     3     1     1     0     1     1     3     1     1  1500     2
   360     2     7     0     5     7     1     3     0     0     1     1     0     1     1     1   508     0
   361     2     8     1     7     1     3     5     0     1     1     0     0     2     0     1   540     0
   362     1     3     1     6     8     2     4     1     1     1     1     0     3     1     0   659     1
   363     2     6     2     3     5     7     1     0     0     1     1     0     3     1     1   728     0
   364     2     6     2     3     5     7     1     0     0     0     1     0     1     0     0   472     0
   365     1     1     2     2     4     6     8     1     1     0     0     1     3     1     1   786     0
   366     1     1     2     2     4     6     8     1     0     0     0     1     1     0     1   502     0
   367     1     4     1     8     2     4     6     0     1     1     1     0     2     1     1   765     0
   368     1     4     1     8     2     4     6     0     0     0     1     1     1     0     1   660     0
   369     1     4     1     8     2     4     6     0     0     0     0     0     1     0     0   425     0
   370     1     4     1     8     2     4     6     0     0     1     1     1     1     0     0   471     1
   371     2     7     0     5     7     1     3     0     0     1     1     1     3     0     0   740     0
   372     2     6     2     3     5     7     1     0     1     0     0     0     2     0     1   563     0
   373     2     6     2     3     5     7     1     1     0     1     1     1     1     1     1   608     1
   374     2     6     2     3     5     7     1     1     1     1     1     0     1     0     1   585     1
   375     2     7     0     5     7     1     3     0     1     1     1     0     2     1     0  1145     0
   376     2     7     0     5     7     1     3     1     1     0     0     0     1     1     0  1055     0
   377     1     2     2     4     6     8     2     0     0     1     0     1     3     1     1   657     0
   378     2     5     0     1     3     5     7     0     1     1     0     1     3     0     1  1195     0
   379     1     3     1     6     8     2     4     1     1     1     1     1     3     1     0  1035     0
   380     2     6     2     3     5     7     1     1     1     0     0     0     3     0     0   544     1
   381     1     3     1     6     8     2     4     1     0     1     1     1     3     0     1   643     0
   382     1     3     1     6     8     2     4     1     0     1     1     1     1     0     0   465     0
   383     2     7     0     5     7     1     3     0     0     1     0     0     3     1     0   803     0
   384     2     7     0     5     7     1     3     1     0     1     0     0     1     1     0   583     0
   385     1     3     1     6     8     2     4     1     1     0     1     1     3     0     1   564     1
   386     1     3     1     6     8     2     4     1     0     1     1     1     1     0     1   794     0
   387     2     7     0     5     7     1     3     1     0     1     0     0     3     0     0   482     0
   388     2     7     0     5     7     1     3     0     1     1     0     0     1     1     1   772     0
   389     1     3     1     6     8     2     4     0     1     0     0     0     3     0     0   943     1
   390     1     3     1     6     8     2     4     1     0     1     1     1     1     1     1   907     0
   391     2     5     0     1     3     5     7     0     1     1     0     1     3     1     1   604     1
   392     2     5     0     1     3     5     7     0     0     0     1     0     1     0     1   624     0
   393     1     4     1     8     2     4     6     0     1     1     1     0     3     0     1   648     0
   394     1     4     1     8     2     4     6     1     1     0     0     0     1     1     0   754     1
   395     2     5     0     1     3     5     7     0     0     1     1     0     3     1     1   833     0
   396     1     2     2     4     6     8     2     0     0     0     0     1     3     0     0  1006     0
   397     1     4     1     8     2     4     6     1     1     0     0     0     2     1     1   738     0
   398     1     4     1     8     2     4     6     1     1     0     0     0     1     0     0   470     0
   399     1     1     2     2     4     6     8     0     0     1     1     1     2     1     1  1351     0
   400     2     8     1     7     1     3     5     0     1     0     1     1     3     0     1   723     0
   401     2     6     2     3     5     7     1     1     1     1     1     1     2     1     0   609     0
   402     2     6     2     3     5     7     1     0     0     0     0     0     1     1     1   753     0
   403     1     3     1     6     8     2     4     1     1     0     0     1     3     1     1   893     0
   404     1     4     1     8     2     4     6     1     0     0     1     1     2     0     1   860     0
   405     1     3     1     6     8     2     4     0     0     1     1     0     2     1     0  1001     0
   406     1     3     1     6     8     2     4     0     1     1     1     0     1     0     1  1122     0
   407     1     4     1     8     2     4     6     1     1     0     1     0     2     1     0   936     0
   408     1     4     1     8     2     4     6     0     0     1     0     0     1     1     1   802     0
   409     2     8     1     7     1     3     5     1     0     1     1     0     3     1     0   686     0
   410     1     1     2     2     4     6     8     1     1     0     0     0     3     0     1   629     0
   411     2     5     0     1     3     5     7     0     0     1     0     1     3     1     1   845     0
   412     2     8     1     7     1     3     5     0     0     0     1     0     2     0     0   727     0
   413     2     7     0     5     7     1     3     0     0     1     1     1     2     0     0   718     0
   414     2     7     0     5     7     1     3     1     0     0     1     1     1     1     0   532     0
   415     1     1     2     2     4     6     8     1     0     0     1     0     3     0     0   740     0
   416     1     1     2     2     4     6     8     1     0     0     0     0     1     0     0   552     0
   417     1     4     1     8     2     4     6     1     1     0     1     1     2     0     1   679     0
   418     2     5     0     1     3     5     7     1     0     1     0     0     3     0     1   694     0
   419     1     2     2     4     6     8     2     1     1     0     1     1     3     0     1   669     1
   420     1     1     2     2     4     6     8     1     1     0     0     1     2     0     0  1057     0
   421     1     1     2     2     4     6     8     1     0     0     1     1     1     0     1   663     0
   422     1     1     2     2     4     6     8     0     0     1     1     0     1     1     0   889     0
   423     2     7     0     5     7     1     3     0     1     1     0     1     3     0     1  1010     0
   424     2     8     1     7     1     3     5     1     1     0     0     1     2     1     0   975     0
   425     1     4     1     8     2     4     6     0     1     0     0     0     3     1     0   826     0
   426     1     4     1     8     2     4     6     0     0     0     1     0     1     0     1   643     0
   427     2     7     0     5     7     1     3     1     0     0     0     0     3     1     0  1129     0
   428     2     5     0     1     3     5     7     1     0     0     1     1     2     0     0   716     0
   429     1     2     2     4     6     8     2     1     0     1     0     1     3     0     0   890     0
   430     1     3     1     6     8     2     4     0     1     0     0     0     2     1     1   808     0
   431     2     7     0     5     7     1     3     0     0     0     0     0     3     0     1   744     0
   432     2     8     1     7     1     3     5     1     1     0     0     0     2     1     1   714     0
   433     1     4     1     8     2     4     6     1     0     0     1     1     3     0     1   744     0
   434     1     1     2     2     4     6     8     0     1     0     0     1     2     1     1   726     1
   435     2     6     2     3     5     7     1     1     1     1     1     0     3     1     0   748     0
   436     2     6     2     3     5     7     1     1     0     0     0     1     1     0     1   738     0
   437     1     1     2     2     4     6     8     0     0     1     1     1     3     1     0   754     0
   438     1     4     1     8     2     4     6     0     1     0     1     0     2     0     1   677     0
   439     1     4     1     8     2     4     6     1     0     0     1     0     1     1     1   760     0
   440     1     4     1     8     2     4     6     0     1     0     1     1     1     1     1   708     0
   441     2     6     2     3     5     7     1     0     0     0     1     0     3     0     1   582     0
   442     2     6     2     3     5     7     1     0     0     1     1     1     1     0     0   763     0
   443     1     1     2     2     4     6     8     0     0     0     0     0     3     0     0   611     0
   444     1     3     1     6     8     2     4     0     0     0     0     0     2     0     0   548     0
   445     1     3     1     6     8     2     4     1     0     1     0     1     1     1     0   939     0
   446     1     4     1     8     2     4     6     0     0     1     0     1     2     1     0  1351     0
   447     2     6     2     3     5     7     1     1     0     0     1     0     3     1     0   621     0
   448     2     7     0     5     7     1     3     0     0     0     1     0     2     1     0   667     0
   449     2     7     0     5     7     1     3     0     1     1     1     1     1     0     1  1032     0
   450     2     7     0     5     7     1     3     1     1     1     0     1     1     1     0   548     0
   451     1     2     2     4     6     8     2     0     1     0     1     1     3     1     0  1139     0
   452     1     4     1     8     2     4     6     0     0     0     0     0     2     0     1   739     0
   453     2     7     0     5     7     1     3     1     0     1     1     1     3     1     0   937     0
   454     2     8     1     7     1     3     5     1     1     0     0     0     2     0     1   572     0
   455     1     2     2     4     6     8     2     1     0     1     1     1     3     0     1   564     0
   456     1     2     2     4     6     8     2     0     1     1     0     0     1     1     1   696     0
   457     1     1     2     2     4     6     8     0     0     1     0     0     2     0     1   650     1
   458     1     1     2     2     4     6     8     0     0     0     0     0     1     0     0   690     0
   459     2     8     1     7     1     3     5     0     1     1     1     1     3     0     1   588     0
   460     1     3     1     6     8     2     4     0     0     0     1     1     3     0     1   592     0
   461     1     3     1     6     8     2     4     1     0     0     1     1     1     1     0   784     0
   462     1     2     2     4     6     8     2     0     0     0     0     1     2     1     0   607     0
   463     1     3     1     6     8     2     4     1     1     0     0     1     2     1     1   627     1
   464     1     3     1     6     8     2     4     0     0     0     0     0     1     1     1   756     0
   465     2     8     1     7     1     3     5     0     1     1     1     0     3     0     1   612     0
   466     2     5     0     1     3     5     7     0     0     0     1     1     2     0     1   653     0
   467     2     5     0     1     3     5     7     0     1     1     1     1     1     0     1   694     0
   468     2     5     0     1     3     5     7     0     1     1     1     1     1     0     0   612     0
   469     1     4     1     8     2     4     6     1     1     0     1     0     3     1     0   749     0
   470     1     4     1     8     2     4     6     1     0     1     1     0     1     0     1   552     0
   471     1     2     2     4     6     8     2     1     1     0     0     1     2     0     1   731     0
   472     1     1     2     2     4     6     8     0     0     0     0     1     2     1     1   859     0
   473     1     4     1     8     2     4     6     0     1     0     0     1     2     0     1   652     0
   474     1     2     2     4     6     8     2     1     1     1     0     0     2     1     0   877     0
   475     1     1     2     2     4     6     8     1     0     1     0     0     2     0     1   582     0
   476     2     6     2     3     5     7     1     0     1     0     0     1     3     1     1   655     0
   477     2     8     1     7     1     3     5     1     1     1     1     1     2     1     0   625     0
   478     2     8     1     7     1     3     5     0     0     1     0     1     1     1     1   623     0
   479     2     5     0     1     3     5     7     0     1     0     0     0     2     0     1  1308     0
   480     2     5     0     1     3     5     7     0     0     1     0     1     1     0     1   922     0
   481     1     1     2     2     4     6     8     0     1     1     0     1     3     0     1   732     0
   482     2     6     2     3     5     7     1     1     1     1     0     0     3     1     0   983     0
   483     1     1     2     2     4     6     8     1     1     0     0     1     3     0     0   635     0
   484     1     1     2     2     4     6     8     0     0     1     1     1     1     1     1   673     0
   485     1     4     1     8     2     4     6     1     0     0     1     1     2     1     0   743     0
   486     2     7     0     5     7     1     3     1     1     1     0     1     3     0     1   730     0
   487     1     4     1     8     2     4     6     0     1     1     0     1     3     1     0   746     0
   488     1     3     1     6     8     2     4     1     0     1     1     0     2     1     1   662     0
   489     1     2     2     4     6     8     2     1     0     1     0     1     2     0     0   623     0
   490     1     2     2     4     6     8     2     1     1     1     1     0     1     0     1   549     0
   491     2     5     0     1     3     5     7     0     0     1     0     0     3     1     1   973     0
   492     2     5     0     1     3     5     7     1     1     0     1     0     1     1     1   796     0
   493     1     3     1     6     8     2     4     1     0     1     1     1     3     0     1   756     0
   494     2     8     1     7     1     3     5     1     1     1     0     1     3     0     1   547     0
   495     2     7     0     5     7     1     3     0     0     1     1     0     2     1     1  1118     0
   496     1     2     2     4     6     8     2     0     1     1     1     0     3     0     1  1316     0
   497     2     6     2     3     5     7     1     0     0     0     0     1     3     0     1   606     0
   498     2     6     2     3     5     7     1     1     1     1     0     0     1     1     1   706     0
   499     2     8     1     7     1     3     5     0     1     0     1     0     2     1     0   700     0
   500     2     8     1     7     1     3     5     1     0     1     0     0     1     1     1   536     0
   501     2     8     1     7     1     3     5     1     1     1     1     1     1     0     1   507     0
   502     2     8     1     7     1     3     5     0     0     0     1     1     1     1     1   554     0
   503     1     4     1     8     2     4     6     1     1     0     0     1     3     1     1   694     0
   504     1     4     1     8     2     4     6     1     0     1     1     1     1     0     1   696     0
   505     1     1     2     2     4     6     8     1     1     1     0     0     2     0     1   870     0
   506     1     1     2     2     4     6     8     0     1     1     0     0     1     1     0   993     1
   507     2     5     0     1     3     5     7     1     0     0     0     0     3     1     1   680     0
   508     2     7     0     5     7     1     3     1     1     0     1     0     2     0     1   842     0
   509     2     5     0     1     3     5     7     0     0     1     0     0     2     1     1   792     0
   510     2     6     2     3     5     7     1     1     1     1     1     0     2     1     1   653     0
   511     1     3     1     6     8     2     4     1     1     1     0     0     3     0     0   683     0
   512     1     3     1     6     8     2     4     0     0     0     0     1     1     1     1   724     0
   513     1     2     2     4     6     8     2     1     1     1     0     0     2     1     1   539     0
   514     1     1     2     2     4     6     8     1     1     1     0     1     2     0     0   702     0
   515     2     7     0     5     7     1     3     0     0     0     1     0     3     1     1   710     0
   516     2     7     0     5     7     1     3     0     1     0     1     1     1     0     1   792     0
   517     2     5     0     1     3     5     7     0     0     1     0     0     2     0     1   680     0
   518     2     8     1     7     1     3     5     0     1     1     0     1     2     0     1   511     0
   519     1     4     1     8     2     4     6     0     0     1     1     0     3     0     1   465     0
   520     1     4     1     8     2     4     6     1     1     1     1     1     1     1     1   712     0
   521     1     1     2     2     4     6     8     1     0     0     0     1     2     0     1   552     0
   522     2     6     2     3     5     7     1     1     1     1     0     0     3     0     1   555     0
   523     2     5     0     1     3     5     7     1     1     1     0     1     2     0     0   583     0
   524     1     4     1     8     2     4     6     1     0     1     0     1     3     0     1   506     0
   525     2     7     0     5     7     1     3     0     0     1     1     0     3     1     0   922     0
   526     2     7     0     5     7     1     3     1     0     1     0     1     1     1     0   661     0
   527     1     1     2     2     4     6     8     1     0     0     1     1     3     0     0   590     0
   528     1     1     2     2     4     6     8     0     0     1     1     1     1     1     0   875     0
   529     1     4     1     8     2     4     6     1     1     1     0     1     2     1     1   698     0
   530     1     4     1     8     2     4     6     0     0     0     1     1     1     1     1   565     0
   531     1     3     1     6     8     2     4     0     0     0     1     0     2     0     0   689     0
   532     1     3     1     6     8     2     4     0     1     0     1     1     1     0     1   900     0
   533     2     5     0     1     3     5     7     0     0     1     1     0     3     0     1   634     0
   534     2     6     2     3     5     7     1     0     1     0     0     0     2     0     1   643     0
   535     1     1     2     2     4     6     8     0     1     0     0     0     3     0     0   556     0
   536     1     1     2     2     4     6     8     0     1     1     0     0     1     0     0   488     0
   537     1     4     1     8     2     4     6     1     1     0     1     1     2     1     0   855     0
   538     1     4     1     8     2     4     6     1     0     0     1     1     1     0     1   584     0
   539     2     5     0     1     3     5     7     1     1     1     1     1     3     0     1   793     0
   540     2     6     2     3     5     7     1     0     1     0     1     0     2     1     0  1066     0
   541     1     4     1     8     2     4     6     1     1     0     1     0     3     1     0   663     0
   542     1     1     2     2     4     6     8     0     0     0     0     1     2     1     1   665     0
   543     1     4     1     8     2     4     6     1     1     0     1     0     2     1     1   571     0
   544     1     1     2     2     4     6     8     0     1     1     0     1     2     1     0   580     0
   545     1     3     1     6     8     2     4     1     1     0     1     1     2     1     0   845     0
   546     1     3     1     6     8     2     4     1     0     0     0     0     1     0     1   710     0
   547     2     5     0     1     3     5     7     1     1     0     0     1     3     0     1   584     0
   548     1     2     2     4     6     8     2     1     0     0     1     0     3     0     1   753     0
   549     1     4     1     8     2     4     6     0     0     0     1     0     2     1     0   773     0
   550     1     4     1     8     2     4     6     0     0     1     0     1     1     0     0   864     0
   551     1     2     2     4     6     8     2     0     1     1     1     0     2     0     1   605     0
   552     1     2     2     4     6     8     2     1     1     1     0     0     1     1     0   649     0
   553     2     8     1     7     1     3     5     0     0     1     1     0     3     1     1   570     0
   554     2     8     1     7     1     3     5     0     0     1     0     1     1     0     0   598     0
   555     2     5     0     1     3     5     7     0     1     0     1     1     2     0     1   654     0
   556     1     2     2     4     6     8     2     0     1     1     0     1     3     0     0   551     1
   557     2     7     0     5     7     1     3     0     0     0     0     1     3     0     1   891     0
   558     2     7     0     5     7     1     3     0     1     1     1     1     1     0     1   576     0
   559     1     4     1     8     2     4     6     1     1     1     0     0     3     1     0  1500     2
   560     1     4     1     8     2     4     6     0     1     0     0     1     1     1     0   770     0
   561     2     7     0     5     7     1     3     1     0     0     1     1     3     1     1   782     0
   562     2     7     0     5     7     1     3     1     0     0     1     1     1     0     0   538     0
   563     2     8     1     7     1     3     5     1     0     0     0     0     2     0     0   473     0
   564     2     7     0     5     7     1     3     0     0     0     1     0     2     1     0   540     0
   565     2     8     1     7     1     3     5     1     0     1     0     0     2     1     0   482     0
   566     1     3     1     6     8     2     4     1     0     0     0     1     3     0     0   440     0
   567     2     8     1     7     1     3     5     1     1     1     0     1     3     0     1   585     0
   568     2     8     1     7     1     3     5     1     1     0     0     1     1     0     0   530     1
   569     1     1     2     2     4     6     8     0     1     1     0     0     3     1     0   793     0
   570     2     8     1     7     1     3     5     0     1     1     1     0     3     0     0   505     0
   571     1     3     1     6     8     2     4     1     0     1     1     1     3     1     1   860     0
   572     2     6     2     3     5     7     1     1     1     1     1     1     3     0     1   582     0
   573     2     5     0     1     3     5     7     1     0     1     1     1     2     0     1   653     0
   574     2     5     0     1     3     5     7     0     1     1     0     0     1     1     1   678     0
   575     2     5     0     1     3     5     7     1     0     0     0     0     1     1     1   620     0
   576     2     5     0     1     3     5     7     1     0     0     0     0     1     0     0   717     0
   577     1     4     1     8     2     4     6     1     1     0     0     0     3     0     1   588     0
   578     1     4     1     8     2     4     6     1     0     1     1     1     1     0     1   578     0
   579     1     1     2     2     4     6     8     0     1     1     0     0     2     1     1   834     0
   580     1     1     2     2     4     6     8     0     0     1     1     0     1     0     1   587     0
   581     2     8     1     7     1     3     5     1     0     0     1     1     3     1     0   947     0
   582     2     7     0     5     7     1     3     1     1     1     0     1     2     0     1   598     0
   583     1     1     2     2     4     6     8     0     1     0     0     1     3     1     0   715     0
   584     1     2     2     4     6     8     2     1     0     1     0     0     2     1     1   737     0
   585     2     5     0     1     3     5     7     1     0     1     0     1     3     0     0   904     0
   586     2     5     0     1     3     5     7     0     1     0     0     1     1     1     1   747     0
   587     2     8     1     7     1     3     5     1     0     1     0     1     2     1     1   629     0
   588     2     8     1     7     1     3     5     1     0     1     1     1     1     0     0   626     0
   589     1     4     1     8     2     4     6     1     0     1     1     0     3     0     0   568     0
   590     1     4     1     8     2     4     6     0     0     1     0     0     1     1     0   720     0
   591     2     7     0     5     7     1     3     1     1     0     1     1     3     1     1   772     0
   592     2     7     0     5     7     1     3     1     1     0     1     1     1     0     0   748     0
   593     2     6     2     3     5     7     1     0     1     1     1     1     2     1     0   699     0
   594     2     6     2     3     5     7     1     1     0     1     0     0     1     1     1   585     0
   595     1     1     2     2     4     6     8     0     0     0     0     0     3     1     0   532     0
   596     1     1     2     2     4     6     8     1     1     1     1     0     1     1     1   623     0
   597     1     3     1     6     8     2     4     1     1     1     0     0     2     0     0   704     1
   598     1     3     1     6     8     2     4     1     0     1     0     1     1     0     1  1266     0
   599     1     3     1     6     8     2     4     1     1     1     0     1     1     0     1   611     0
   600     1     3     1     6     8     2     4     1     1     0     0     1     1     0     0   500     0
   601     2     6     2     3     5     7     1     0     1     0     0     1     3     1     0  1143     0
   602     2     5     0     1     3     5     7     0     1     1     1     0     2     0     0   734     0
   603     1     1     2     2     4     6     8     1     0     0     0     1     3     1     1   625     0
   604     1     1     2     2     4     6     8     0     1     1     0     0     1     1     1   677     0
   605     1     3     1     6     8     2     4     1     0     0     0     0     2     1     1   579     0
   606     1     1     2     2     4     6     8     1     0     0     1     0     2     0     0   587     0
   607     1     4     1     8     2     4     6     1     1     0     0     0     2     0     1   696     0
   608     1     1     2     2     4     6     8     0     1     1     0     1     2     1     0   647     0
   609     2     7     0     5     7     1     3     0     1     0     1     1     3     0     0   647     0
   610     2     6     2     3     5     7     1     0     0     0     0     0     2     0     1   509     0
   611     2     7     0     5     7     1     3     0     1     0     0     1     2     0     1   563     0
   612     2     7     0     5     7     1     3     0     1     1     0     0     1     0     0   560     0
   613     1     1     2     2     4     6     8     1     0     1     1     0     3     1     1   740     0
   614     1     1     2     2     4     6     8     1     0     0     1     0     1     0     0   511     0
   615     2     6     2     3     5     7     1     0     0     0     1     0     3     1     0   543     0
   616     1     3     1     6     8     2     4     0     0     1     0     0     3     0     0   489     0
   617     1     3     1     6     8     2     4     0     0     0     0     1     1     0     0   603     0
   618     1     3     1     6     8     2     4     0     1     1     0     1     1     0     1   571     0
   619     2     6     2     3     5     7     1     1     1     1     1     1     3     1     0  1063     0
   620     1     1     2     2     4     6     8     1     1     1     0     0     3     0     0   546     0
   621     1     3     1     6     8     2     4     1     1     1     1     1     2     0     0   494     0
   622     1     3     1     6     8     2     4     0     0     0     1     1     1     1     1   533     0
   623     1     4     1     8     2     4     6     1     1     0     0     0     2     1     1   744     0
   624     2     5     0     1     3     5     7     1     0     1     1     1     3     0     1   600     0
   625     1     4     1     8     2     4     6     0     0     0     0     1     3     1     0   868     0
   626     1     4     1     8     2     4     6     0     0     0     0     1     1     0     0   609     0
   627     2     8     1     7     1     3     5     0     0     0     1     1     3     0     0   654     0
   628     2     6     2     3     5     7     1     0     1     1     1     1     2     0     1   576     0
   629     2     7     0     5     7     1     3     0     1     1     1     0     2     0     0   604     0
   630     2     7     0     5     7     1     3     0     1     0     0     0     1     0     0   453     0
   631     1     2     2     4     6     8     2     0     1     0     0     0     3     0     0   492     0
   632     1     1     2     2     4     6     8     1     1     1     0     0     2     1     0   831     0
   633     2     5     0     1     3     5     7     1     1     1     0     0     3     0     0   432     0
   634     1     4     1     8     2     4     6     1     0     0     1     1     3     0     1   506     0
   635     1     3     1     6     8     2     4     1     0     1     0     1     2     0     0   669     0
   636     1     3     1     6     8     2     4     1     1     1     0     1     1     0     1   550     0
   637     1     4     1     8     2     4     6     1     0     0     1     0     2     0     1   674     0
   638     1     4     1     8     2     4     6     0     1     0     1     1     1     1     1   760     0
   639     1     4     1     8     2     4     6     1     1     1     1     0     1     1     0   525     0
   640     1     4     1     8     2     4     6     1     0     0     1     1     1     0     1   508     0
   641     1     2     2     4     6     8     2     0     0     0     1     0     2     1     0  1092     0
   642     1     3     1     6     8     2     4     0     1     1     0     1     2     0     1   557     0
   643     1     2     2     4     6     8     2     1     1     1     0     1     2     1     0   857     1
   644     2     7     0     5     7     1     3     0     1     1     1     1     3     1     0   589     0
   645     1     2     2     4     6     8     2     1     1     1     1     1     3     1     0   538     0
   646     1     2     2     4     6     8     2     0     1     1     1     1     1     1     0   509     0
   647     2     8     1     7     1     3     5     1     1     1     0     0     3     1     0   924     0
   648     2     8     1     7     1     3     5     0     1     1     1     0     1     1     0   483     0
   649     1     1     2     2     4     6     8     1     0     0     0     1     3     1     1   733     0
   650     1     1     2     2     4     6     8     0     0     1     0     0     1     1     0   864     0
   651     2     8     1     7     1     3     5     1     0     0     0     0     3     1     0   493     0
   652     1     1     2     2     4     6     8     0     0     0     0     1     3     1     0   614     0
   653     2     8     1     7     1     3     5     1     1     0     0     0     3     1     1   663     0
   654     2     8     1     7     1     3     5     0     1     1     0     0     1     1     0   630     0
   655     2     8     1     7     1     3     5     0     1     0     0     1     1     0     0   503     0
   656     2     7     0     5     7     1     3     1     0     1     1     0     2     1     1   785     0
   657     1     3     1     6     8     2     4     1     0     1     1     1     3     0     0   689     0
   658     2     8     1     7     1     3     5     1     1     0     0     0     3     0     1   546     0
   659     2     7     0     5     7     1     3     1     1     1     1     0     2     0     0   738     0
   660     2     6     2     3     5     7     1     0     1     0     0     0     2     1     0   796     0
   661     1     2     2     4     6     8     2     0     1     0     1     0     3     0     0   789     0
   662     1     3     1     6     8     2     4     0     0     1     0     0     2     0     1   553     0
   663     1     1     2     2     4     6     8     0     1     1     0     1     2     0     1   565     0
   664     1     1     2     2     4     6     8     0     1     1     1     1     1     0     0   412     0
   665     1     1     2     2     4     6     8     1     1     1     0     0     1     1     0   669     0
   666     1     1     2     2     4     6     8     0     1     1     1     1     1     1     0   452     0
   667     1     2     2     4     6     8     2     0     1     0     1     0     2     0     0   618     0
   668     1     2     2     4     6     8     2     1     0     0     0     0     1     1     1   571     0
   669     1     3     1     6     8     2     4     1     0     0     1     1     2     0     0   582     0
   670     2     6     2     3     5     7     1     1     0     1     0     1     3     0     0   899     0
   671     1     4     1     8     2     4     6     0     1     0     0     1     3     1     1   841     0
   672     1     1     2     2     4     6     8     0     0     0     0     1     2     0     1   569     0
   673     2     6     2     3     5     7     1     1     0     1     1     0     3     1     0   602     0
   674     2     6     2     3     5     7     1     0     0     1     1     1     1     1     0   450     0
   675     1     2     2     4     6     8     2     0     0     0     0     1     3     0     0   535     0
   676     1     2     2     4     6     8     2     1     1     0     0     1     1     1     1   655     0
   677     2     6     2     3     5     7     1     0     0     0     0     0     3     1     1   578     0
   678     2     6     2     3     5     7     1     0     1     1     0     0     1     0     1   633     1
   679     2     8     1     7     1     3     5     0     0     0     0     1     2     0     1   754     0
   680     2     8     1     7     1     3     5     0     1     0     0     0     1     0     1   765     0
   681     2     8     1     7     1     3     5     1     0     0     1     1     1     1     1   705     0
   682     2     5     0     1     3     5     7     1     1     1     0     0     2     0     1   821     0
   683     1     2     2     4     6     8     2     1     0     0     1     0     3     0     1   622     0
   684     1     2     2     4     6     8     2     0     0     0     1     0     1     1     0   911     0
   685     2     8     1     7     1     3     5     0     0     1     1     0     3     0     0   605     1
   686     2     8     1     7     1     3     5     0     1     1     0     1     1     0     1   577     0
   687     1     2     2     4     6     8     2     1     0     0     1     0     3     1     1   725     0
   688     1     4     1     8     2     4     6     1     0     0     1     0     2     0     0   607     0
   689     2     6     2     3     5     7     1     1     1     0     1     1     3     0     1   664     0
   690     1     3     1     6     8     2     4     0     0     0     0     1     3     1     1   894     1
   691     2     8     1     7     1     3     5     1     0     1     0     1     3     1     0   675     0
   692     2     8     1     7     1     3     5     0     1     1     1     1     1     1     1   580     0
   693     1     3     1     6     8     2     4     1     1     1     0     0     3     1     0   690     0
   694     1     3     1     6     8     2     4     0     0     1     1     1     1     1     1   703     0
   695     1     1     2     2     4     6     8     0     0     0     0     1     2     0     0   985     0
   696     1     1     2     2     4     6     8     1     0     0     0     0     1     1     0   578     0
   697     1     3     1     6     8     2     4     1     1     1     1     0     2     0     1   567     0
   698     1     4     1     8     2     4     6     1     0     1     1     0     2     0     1   567     0
   699     2     8     1     7     1     3     5     1     0     1     1     1     3     0     0   664     0
   700     2     5     0     1     3     5     7     0     1     0     1     0     2     1     1   854     0
   701     1     4     1     8     2     4     6     1     1     0     1     1     3     1     0   651     0
   702     1     4     1     8     2     4     6     0     1     1     1     0     1     1     0   636     0
   703     2     6     2     3     5     7     1     1     0     1     1     0     3     1     1   602     0
   704     2     7     0     5     7     1     3     0     1     0     1     0     2     1     1  1103     0
   705     1     2     2     4     6     8     2     0     0     0     0     0     3     0     1   582     0
   706     1     2     2     4     6     8     2     0     1     1     1     0     1     0     1   683     0
   707     2     5     0     1     3     5     7     0     0     1     1     1     3     0     1   749     0
   708     2     5     0     1     3     5     7     1     1     0     0     0     1     1     1   949     0
   709     2     7     0     5     7     1     3     0     1     1     0     1     2     1     0   849     0
   710     2     7     0     5     7     1     3     0     1     1     1     1     1     0     0   494     0
   711     2     8     1     7     1     3     5     0     1     0     1     0     2     0     0   572     0
   712     1     1     2     2     4     6     8     0     1     1     1     0     3     0     0   543     0
   713     2     6     2     3     5     7     1     0     0     1     0     1     3     0     1   548     0
   714     2     6     2     3     5     7     1     0     1     0     1     1     1     0     1   672     0
   715     2     8     1     7     1     3     5     0     0     1     0     0     2     0     1   529     1
   716     2     8     1     7     1     3     5     0     0     1     0     0     1     0     0   667     0
   717     2     6     2     3     5     7     1     0     1     1     0     1     2     0     1   676     0
   718     2     6     2     3     5     7     1     0     1     1     1     0     1     0     0   579     0
   719     2     8     1     7     1     3     5     0     1     0     0     0     2     0     0   819     0
   720     2     8     1     7     1     3     5     0     1     1     0     0     1     0     0   680     0
   721     1     2     2     4     6     8     2     0     1     0     0     0     3     0     0   610     0
   722     2     7     0     5     7     1     3     0     1     1     0     1     3     0     0   523     0
   723     2     5     0     1     3     5     7     1     1     1     0     1     2     1     0  1301     1
   724     2     5     0     1     3     5     7     1     1     0     0     1     1     0     0   594     0
   725     2     7     0     5     7     1     3     0     0     0     1     1     2     1     1  1098     0
   726     2     8     1     7     1     3     5     1     1     0     1     1     2     1     1   716     0
   727     2     8     1     7     1     3     5     1     0     0     0     0     1     0     1   739     0
   728     2     8     1     7     1     3     5     1     1     0     1     0     1     0     1   625     0
   729     1     4     1     8     2     4     6     0     1     1     0     1     3     1     0  1309     0
   730     1     4     1     8     2     4     6     1     1     1     0     0     1     1     0   582     0
   731     2     7     0     5     7     1     3     0     1     1     0     1     3     1     0   687     0
   732     2     7     0     5     7     1     3     0     1     1     1     0     1     0     0   581     0
   733     1     4     1     8     2     4     6     1     1     1     0     0     3     1     0   677     0
   734     1     4     1     8     2     4     6     1     0     1     0     0     1     0     1   835     0
   735     2     6     2     3     5     7     1     1     1     0     0     0     3     0     1   671     0
   736     2     7     0     5     7     1     3     1     1     0     1     0     2     0     0   869     0
   737     1     1     2     2     4     6     8     1     1     1     1     1     3     0     0   527     0
   738     1     1     2     2     4     6     8     1     0     1     0     1     1     0     1   542     0
   739     2     5     0     1     3     5     7     0     1     1     0     0     3     1     1   706     0
   740     2     6     2     3     5     7     1     1     1     0     1     1     2     1     0   580     0
   741     1     2     2     4     6     8     2     1     1     0     1     1     3     0     0   540     0
   742     2     7     0     5     7     1     3     0     0     0     1     0     3     1     1   856     0
   743     2     6     2     3     5     7     1     1     0     1     0     1     2     1     0   690     0
   744     2     8     1     7     1     3     5     1     0     0     0     0     2     0     0   548     0
   745     2     5     0     1     3     5     7     0     0     0     1     1     2     1     0  1500     2
   746     2     5     0     1     3     5     7     1     0     0     1     0     1     1     0   600     0
   747     2     6     2     3     5     7     1     1     1     0     0     1     2     0     1   561     0
   748     2     7     0     5     7     1     3     0     0     0     0     1     2     1     1   781     0
   749     2     7     0     5     7     1     3     1     0     1     1     1     1     1     0   584     0
   750     2     6     2     3     5     7     1     0     0     1     1     1     2     1     0   553     0
   751     2     7     0     5     7     1     3     0     0     0     1     0     2     0     0   564     0
   752     2     5     0     1     3     5     7     1     1     0     0     1     2     1     1   800     0
   753     1     2     2     4     6     8     2     1     0     0     1     0     3     0     1   617     0
   754     1     3     1     6     8     2     4     0     1     0     1     0     2     1     1   717     0
   755     2     8     1     7     1     3     5     0     1     1     0     1     3     0     0   588     0
   756     2     8     1     7     1     3     5     1     1     1     0     1     1     1     0   580     0
   757     1     2     2     4     6     8     2     1     1     0     0     1     3     0     0   532     0
   758     1     2     2     4     6     8     2     1     1     1     1     0     1     0     0   396     0
   759     2     7     0     5     7     1     3     0     0     1     1     1     3     1     1  1500     2
   760     1     2     2     4     6     8     2     1     0     0     1     1     3     1     0   512     0
   761     2     5     0     1     3     5     7     1     1     1     0     1     3     0     1   794     1
   762     2     5     0     1     3     5     7     0     1     0     1     0     1     1     0   721     0
   763     2     5     0     1     3     5     7     0     1     0     0     0     1     0     0   453     0
   764     2     5     0     1     3     5     7     1     1     0     1     0     1     1     0   586     0
   765     2     8     1     7     1     3     5     1     0     0     1     0     2     0     1   770     0
   766     2     8     1     7     1     3     5     0     1     0     1     1     1     1     1   513     0
   767     1     1     2     2     4     6     8     0     1     1     1     1     3     0     0   581     0
   768     1     1     2     2     4     6     8     0     1     1     1     0     1     0     0   594     0
   769     1     1     2     2     4     6     8     0     1     1     1     0     1     0     0   450     0
   770     1     1     2     2     4     6     8     1     0     0     0     1     1     1     1   737     0
   771     1     2     2     4     6     8     2     0     0     1     1     1     2     1     0   721     1
   772     1     2     2     4     6     8     2     0     0     0     0     0     1     0     0   433     0
   773     2     6     2     3     5     7     1     1     0     0     0     1     3     1     0   515     0
   774     2     6     2     3     5     7     1     0     0     1     0     1     1     1     0   382     0
   775     2     6     2     3     5     7     1     1     1     1     1     1     1     1     1   534     0
   776     2     6     2     3     5     7     1     0     0     0     0     1     1     1     1   699     0
   777     1     2     2     4     6     8     2     0     0     1     1     1     3     0     0   808     0
   778     1     2     2     4     6     8     2     0     1     0     0     1     1     0     1   662     0
   779     2     7     0     5     7     1     3     0     0     0     1     1     3     0     1   903     0
   780     2     7     0     5     7     1     3     1     0     0     1     1     1     1     0   785     0
   781     1     2     2     4     6     8     2     1     1     1     1     1     3     0     1   540     0
   782     2     5     0     1     3     5     7     0     0     0     1     0     3     1     1  1285     0
   783     1     4     1     8     2     4     6     0     1     0     1     0     3     0     1   739     0
   784     1     4     1     8     2     4     6     1     0     0     0     1     1     1     1   542     0
   785     1     4     1     8     2     4     6     1     0     1     0     1     1     0     0   598     0
   786     1     2     2     4     6     8     2     1     1     0     1     0     2     0     1   614     0
   787     2     7     0     5     7     1     3     0     0     1     0     1     3     1     1   947     0
   788     2     7     0     5     7     1     3     1     0     0     1     0     1     1     0   497     0
   789     2     7     0     5     7     1     3     0     0     0     0     0     1     1     0   503     0
   790     2     7     0     5     7     1     3     1     1     0     1     0     1     1     1   637     1
   791     1     2     2     4     6     8     2     1     0     1     1     1     3     0     1   714     0
   792     1     4     1     8     2     4     6     1     1     0     1     0     2     0     1   608     0
   793     1     3     1     6     8     2     4     0     0     1     0     0     2     1     1   922     0
   794     1     3     1     6     8     2     4     1     0     1     0     1     1     1     0   564     0
   795     1     2     2     4     6     8     2     0     1     1     0     0     2     1     1   701     0
   796     1     2     2     4     6     8     2     1     0     0     0     1     1     1     1   510     0
   797     2     8     1     7     1     3     5     1     0     1     1     1     3     0     0   609     0
   798     2     5     0     1     3     5     7     1     0     1     1     1     2     0     0   801     0
   799     2     6     2     3     5     7     1     0     0     1     0     1     2     1     0   622     0
   800     2     6     2     3     5     7     1     0     0     1     1     0     1     0     0   404     0
   801     2     6     2     3     5     7     1     1     0     1     1     0     1     1     0   412     0
   802     2     6     2     3     5     7     1     1     0     0     1     0     1     0     0   394     0
   803     1     1     2     2     4     6     8     0     0     0     1     0     3     1     0   674     0
   804     1     4     1     8     2     4     6     1     0     0     0     0     2     1     0   569     0
   805     1     2     2     4     6     8     2     0     0     0     0     1     2     1     0   668     0
   806     1     2     2     4     6     8     2     1     0     0     0     1     1     1     0   459     0
   807     2     8     1     7     1     3     5     0     1     1     1     1     3     1     1   620     0
   808     2     8     1     7     1     3     5     0     1     1     0     0     1     0     0   516     0
   809     2     8     1     7     1     3     5     0     1     1     0     0     1     0     0   415     0
   810     2     5     0     1     3     5     7     0     0     0     1     1     2     0     1   700     0
   811     1     3     1     6     8     2     4     1     1     0     0     1     3     1     1   966     0
   812     1     4     1     8     2     4     6     0     1     1     0     1     2     1     0   753     0
   813     2     6     2     3     5     7     1     1     0     1     1     0     3     1     1   673     0
   814     2     6     2     3     5     7     1     0     0     1     1     1     1     1     0   483     0
   815     2     6     2     3     5     7     1     0     0     1     0     1     1     0     0   485     0
   816     2     6     2     3     5     7     1     1     0     0     1     0     1     1     0   611     0
   817     2     5     0     1     3     5     7     0     1     1     1     1     2     1     1   777     0
   818     2     6     2     3     5     7     1     0     1     1     0     1     2     0     0   457     0
   819     1     4     1     8     2     4     6     0     1     0     1     1     3     0     0   571     1
   820     1     2     2     4     6     8     2     1     0     1     0     1     2     1     1   639     0
   821     2     6     2     3     5     7     1     0     1     0     0     1     3     1     1   652     0
   822     2     7     0     5     7     1     3     1     0     0     1     0     2     1     1   673     0
   823     1     1     2     2     4     6     8     1     0     1     0     0     3     0     0   675     0
   824     1     1     2     2     4     6     8     0     0     0     1     0     1     1     0   756     0
   825     2     8     1     7     1     3     5     1     0     0     1     0     3     1     0   600     0
   826     2     8     1     7     1     3     5     0     0     1     1     1     1     1     0   529     0
   827     2     5     0     1     3     5     7     0     0     0     0     1     2     0     0   863     0
   828     2     5     0     1     3     5     7     1     1     1     0     1     1     1     1   776     0
   829     2     7     0     5     7     1     3     0     1     1     0     1     2     1     0   986     0
   830     1     4     1     8     2     4     6     1     1     1     0     1     3     1     0   588     0
   831     1     3     1     6     8     2     4     1     1     0     0     1     2     0     0   589     0
   832     1     3     1     6     8     2     4     1     1     0     0     0     1     0     0   438     0
   833     1     3     1     6     8     2     4     1     1     0     1     0     1     0     0   522     0
   834     1     3     1     6     8     2     4     1     0     1     1     0     1     0     1   529     0
   835     2     6     2     3     5     7     1     0     1     1     0     0     3     1     1   905     1
   836     2     6     2     3     5     7     1     1     1     0     1     0     1     1     0   511     0
   837     2     7     0     5     7     1     3     1     1     1     1     1     2     0     0   555     0
   838     2     7     0     5     7     1     3     1     1     0     1     0     1     0     0   679     0
   839     1     1     2     2     4     6     8     0     1     1     0     1     3     1     0   957     1
   840     1     2     2     4     6     8     2     0     0     1     1     1     2     0     1   759     0
   841     2     6     2     3     5     7     1     1     1     1     0     0     3     1     1   951     0
   842     2     7     0     5     7     1     3     0     0     0     1     0     2     1     1   601     0
   843     1     4     1     8     2     4     6     0     1     1     1     0     3     0     1   733     0
   844     1     4     1     8     2     4     6     0     1     0     0     0     1     0     0   609     0
   845     1     2     2     4     6     8     2     1     1     0     0     0     2     1     0   607     1
   846     1     2     2     4     6     8     2     1     1     1     1     1     1     0     0   614     0
   847     1     4     1     8     2     4     6     0     1     0     1     0     2     1     0   719     0
   848     2     5     0     1     3     5     7     1     1     0     1     1     3     1     0   685     0
   849     1     4     1     8     2     4     6     0     1     0     0     1     3     1     0   728     0
   850     1     4     1     8     2     4     6     1     1     0     1     1     1     1     0   627     0
   851     1     4     1     8     2     4     6     1     0     0     0     0     1     0     1   707     0
   852     2     5     0     1     3     5     7     0     1     0     0     0     3     1     1   703     0
   853     1     3     1     6     8     2     4     0     0     0     0     1     3     0     1   677     0
   854     1     3     1     6     8     2     4     1     1     0     0     0     1     1     1   652     0
   855     2     6     2     3     5     7     1     0     1     1     0     0     3     1     0   630     0
   856     1     3     1     6     8     2     4     1     1     0     0     1     3     1     0   598     0
   857     1     3     1     6     8     2     4     1     1     0     0     0     1     0     0   507     0
   858     1     1     2     2     4     6     8     0     1     1     0     1     2     1     0   741     0
   859     1     2     2     4     6     8     2     1     1     1     1     1     2     1     0   550     0
   860     1     4     1     8     2     4     6     1     1     0     0     0     2     0     0   607     0
   861     2     6     2     3     5     7     1     1     1     1     1     0     3     0     0   514     0
   862     1     1     2     2     4     6     8     0     0     0     1     1     3     1     1   773     0
   863     2     6     2     3     5     7     1     1     1     0     1     0     3     1     1   537     0
   864     2     6     2     3     5     7     1     1     0     0     1     1     1     0     1   577     0
   865     1     2     2     4     6     8     2     1     1     0     0     1     3     0     1   721     0
   866     1     2     2     4     6     8     2     0     1     1     1     0     1     1     0   777     0
   867     1     3     1     6     8     2     4     0     1     0     0     0     2     0     0   836     0
   868     1     3     1     6     8     2     4     0     0     0     0     1     1     0     1   578     0
   869     1     1     2     2     4     6     8     1     1     1     0     1     2     1     1   970     0
   870     1     2     2     4     6     8     2     0     1     1     0     1     2     1     0   861     0
   871     2     6     2     3     5     7     1     1     1     1     0     0     3     1     0   563     0
   872     2     8     1     7     1     3     5     1     1     0     0     1     2     0     0   801     0
   873     2     7     0     5     7     1     3     1     0     1     0     1     2     0     1   569     0
   874     2     7     0     5     7     1     3     0     0     1     0     1     1     1     0  1433     1
   875     2     6     2     3     5     7     1     0     0     0     1     0     2     0     0   821     1
   876     2     5     0     1     3     5     7     0     0     1     1     0     2     0     0   768     0
   877     1     4     1     8     2     4     6     1     0     1     1     1     3     1     0   605     0
   878     1     3     1     6     8     2     4     1     1     1     0     0     2     0     1   886     0
   879     1     2     2     4     6     8     2     1     1     1     0     1     2     0     0   806     0
   880     1     2     2     4     6     8     2     0     0     0     1     0     1     1     1   895     0
   881     2     7     0     5     7     1     3     0     1     1     1     1     3     0     1   697     0
   882     2     7     0     5     7     1     3     1     0     1     1     1     1     1     1   587     0
   883     1     4     1     8     2     4     6     1     0     0     1     1     3     0     0   635     0
   884     2     7     0     5     7     1     3     0     0     1     1     0     3     1     0   636     0
   885     1     2     2     4     6     8     2     0     1     1     0     0     3     0     1   541     0
   886     1     2     2     4     6     8     2     1     1     0     0     1     1     1     0   597     1
   887     1     1     2     2     4     6     8     0     0     1     1     0     2     1     1  1273     0
   888     1     1     2     2     4     6     8     1     0     0     1     0     1     1     0   659     0
   889     2     6     2     3     5     7     1     1     1     1     1     1     3     0     1   532     0
   890     2     7     0     5     7     1     3     1     0     0     0     1     2     0     1   563     1
   891     2     8     1     7     1     3     5     1     1     1     0     0     2     0     1   682     0
   892     2     5     0     1     3     5     7     0     1     1     1     1     2     1     0  1500     2
   893     2     8     1     7     1     3     5     0     0     1     1     0     2     0     1   865     0
   894     2     7     0     5     7     1     3     1     1     0     0     0     2     1     1   966     0
   895     2     5     0     1     3     5     7     0     1     0     0     1     2     1     0  1037     0
   896     2     5     0     1     3     5     7     0     1     1     0     0     1     0     0   558     0
