     1     2     7     0     5     7     1     3     0     0     1     1     1     3     0     0   847     1
     2     2     6     2     3     5     7     1     1     0     1     0     1     2     1     0   917     0
     3     2     7     0     5     7     1     3     0     1     1     1     1     2     1     1   913     0
     4     2     7     0     5     7     1     3     1     1     1     0     0     1     1     0  1500     2
     5     1     2     2     4     6     8     2     1     1     1     1     0     3     0     0   674     1
     6     1     2     2     4     6     8     2     0     0     0     1     0     1     1     1   694     0
     7     2     6     2     3     5     7     1     1     0     1     1     0     3     1     0   634     0
     8     2     8     1     7     1     3     5     0     0     1     0     1     2     1     0   724     1
     9     2     5     0     1     3     5     7     1     1     0     1     1     2     1     1  1287     0
    10     2     7     0     5     7     1     3     0     1     1     0     1     2     1     0   798     0
    11     2     7     0     5     7     1     3     1     1     0     1     0     1     1     0  1048     1
    12     2     8     1     7     1     3     5     0     0     0     0     1     2     1     1   753     0
    13     2     8     1     7     1     3     5     0     1     1     1     0     1     0     1   559     0
    14     2     5     0     1     3     5     7     1     1     1     0     1     2     1     0  1049     0
    15     2     5     0     1     3     5     7     1     0     0     1     1     1     0     1   750     0
    16     2     6     2     3     5     7     1     0     1     0     1     0     2     1     1   839     0
    17     1     3     1     6     8     2     4     0     1     1     1     1     3     0     0  1180     1
    18     1     4     1     8     2     4     6     1     1     1     0     1     2     1     0   797     0
    19     1     2     2     4     6     8     2     1     0     0     1     1     2     0     1   680     0
    20     1     2     2     4     6     8     2     0     1     0     1     1     1     1     1   646     0
    21     2     5     0     1     3     5     7     0     1     0     0     1     3     0     0  1400     0
    22     2     6     2     3     5     7     1     1     0     1     1     0     2     1     1  1096     1
    23     1     4     1     8     2     4     6     1     0     1     1     1     3     0     0   714     0
    24     1     4     1     8     2     4     6     1     0     1     1     1     1     0     0   636     0
    25     1     2     2     4     6     8     2     0     1     1     0     0     2     1     1  1006     0
    26     1     2     2     4     6     8     2     0     1     0     1     0     1     0     0  1207     0
    27     1     3     1     6     8     2     4     1     1     0     1     0     2     1     0   748     0
    28     1     1     2     2     4     6     8     0     1     1     0     1     2     1     0  1177     0
    29     1     4     1     8     2     4     6     1     1     1     0     0     2     1     0   802     0
    30     2     5     0     1     3     5     7     1     1     0     1     1     3     0     0   644     0
    31     1     3     1     6     8     2     4     1     1     0     0     0     3     0     0   646     1
    32     1     3     1     6     8     2     4     1     1     1     1     1     1     0     0   460     0
    33     1     2     2     4     6     8     2     0     1     0     1     0     2     1     0   923     1
    34     1     2     2     4     6     8     2     1     1     0     0     1     1     1     0   588     0
    35     1     2     2     4     6     8     2     1     0     1     1     1     1     0     1   651     0
    36     1     2     2     4     6     8     2     0     0     1     0     1     1     1     0  1500     2
    37     2     6     2     3     5     7     1     0     0     0     1     1     3     0     0   659     0
    38     2     8     1     7     1     3     5     0     0     1     1     1     2     0     0   581     1
    39     1     2     2     4     6     8     2     1     1     1     1     1     3     1     1  1158     0
    40     1     2     2     4     6     8     2     0     0     1     1     1     1     1     1  1251     0
    41     1     2     2     4     6     8     2     1     1     0     1     0     1     1     1   616     0
    42     1     2     2     4     6     8     2     1     1     1     1     0     1     0     0   490     0
    43     1     3     1     6     8     2     4     1     1     1     0     0     2     0     0   865     1
    44     1     3     1     6     8     2     4     1     1     1     1     1     1     0     0   436     0
    45     2     8     1     7     1     3     5     0     0     0     1     0     3     1     1   531     0
    46     2     8     1     7     1     3     5     1     0     0     1     0     1     1     0   404     1
    47     1     4     1     8     2     4     6     1     1     0     0     1     3     0     1   568     0
    48     1     1     2     2     4     6     8     0     1     0     1     0     2     1     0   679     1
    49     1     3     1     6     8     2     4     1     1     0     1     1     2     1     0   685     0
    50     1     3     1     6     8     2     4     0     1     0     0     1     1     1     0  1201     1
    51     1     3     1     6     8     2     4     1     0     1     0     1     1     1     1   545     1
    52     1     3     1     6     8     2     4     1     1     1     1     1     1     0     1   461     0
    53     2     6     2     3     5     7     1     1     0     0     0     1     3     0     1   660     0
    54     2     6     2     3     5     7     1     1     1     0     0     1     1     0     1   855     0
    55     2     7     0     5     7     1     3     0     1     0     0     0     2     1     0  1048     1
    56     2     5     0     1     3     5     7     0     1     1     0     0     2     0     0   994     1
    57     2     5     0     1     3     5     7     0     1     0     0     0     1     0     0  1073     1
    58     2     5     0     1     3     5     7     1     1     0     1     0     1     1     0  1026     1
    59     2     7     0     5     7     1     3     1     0     0     0     1     2     0     1   656     0
    60     2     7     0     5     7     1     3     0     1     0     1     1     1     1     1  1248     0
    61     2     5     0     1     3     5     7     1     1     1     1     1     2     1     0   844     0
    62     1     2     2     4     6     8     2     0     0     0     1     1     3     1     1   463     1
    63     1     1     2     2     4     6     8     0     0     0     1     1     2     0     0  1063     0
    64     1     4     1     8     2     4     6     0     1     1     0     1     2     0     1   578     0
    65     2     8     1     7     1     3     5     0     1     1     0     1     3     0     0   630     0
    66     2     8     1     7     1     3     5     1     0     1     0     0     1     1     1   804     0
    67     2     6     2     3     5     7     1     1     0     0     0     1     2     0     0   963     0
    68     1     1     2     2     4     6     8     0     0     1     0     0     3     1     0   730     0
    69     1     2     2     4     6     8     2     1     1     0     1     0     2     1     1   667     0
    70     1     1     2     2     4     6     8     0     1     0     1     1     2     1     0   852     0
    71     2     6     2     3     5     7     1     0     1     1     0     1     3     0     0   764     0
    72     2     6     2     3     5     7     1     1     1     1     1     0     1     1     0   452     0
    73     2     5     0     1     3     5     7     1     1     0     0     0     2     0     0  1216     1
    74     2     5     0     1     3     5     7     1     0     1     1     1     1     0     1   537     0
    75     2     8     1     7     1     3     5     0     1     1     0     0     2     1     1   442     0
    76     2     8     1     7     1     3     5     1     0     1     1     1     1     1     1   406     1
    77     2     7     0     5     7     1     3     1     1     0     1     0     2     0     1   668     1
    78     1     4     1     8     2     4     6     1     0     0     0     0     3     0     1  1068     0
    79     2     5     0     1     3     5     7     0     0     0     1     1     3     1     0   662     1
    80     2     5     0     1     3     5     7     1     0     0     0     0     1     1     0   580     0
    81     2     7     0     5     7     1     3     1     0     1     0     0     2     0     0  1089     0
    82     2     7     0     5     7     1     3     1     1     0     0     0     1     0     1  1159     0
    83     2     7     0     5     7     1     3     1     1     0     1     1     1     0     0   685     0
    84     2     7     0     5     7     1     3     1     1     0     1     1     1     0     0   789     0
    85     1     1     2     2     4     6     8     0     1     0     0     1     3     1     0  1010     0
    86     1     1     2     2     4     6     8     0     0     0     0     1     1     0     1   585     0
    87     1     2     2     4     6     8     2     0     0     1     0     0     2     0     0   762     1
    88     2     7     0     5     7     1     3     0     1     1     0     0     3     0     1  1098     0
    89     2     7     0     5     7     1     3     0     1     1     1     0     1     0     0   499     0
    90     1     2     2     4     6     8     2     0     0     0     1     1     3     0     1   629     0
    91     1     2     2     4     6     8     2     0     1     0     1     1     1     0     1  1177     0
    92     2     5     0     1     3     5     7     0     1     0     0     1     3     0     0  1500     2
    93     1     2     2     4     6     8     2     0     1     1     0     1     3     0     0   679     0
    94     1     2     2     4     6     8     2     1     0     0     1     0     1     1     1   777     0
    95     1     2     2     4     6     8     2     1     1     1     1     0     1     0     1   707     1
    96     1     4     1     8     2     4     6     0     1     0     1     0     2     1     0   943     0
    97     1     2     2     4     6     8     2     0     0     0     0     0     2     0     1   473     0
    98     1     1     2     2     4     6     8     0     1     1     0     0     2     0     1   877     0
    99     2     7     0     5     7     1     3     0     1     0     1     0     3     0     0   620     1
   100     1     4     1     8     2     4     6     1     1     1     1     1     3     1     0   838     0
   101     2     5     0     1     3     5     7     1     1     1     0     0     3     0     0   710     0
   102     2     8     1     7     1     3     5     0     1     1     1     1     2     1     0   530     0
   103     1     4     1     8     2     4     6     1     0     0     1     0     3     1     1   896     1
   104     1     4     1     8     2     4     6     1     0     1     1     0     1     0     0   620     0
   105     1     3     1     6     8     2     4     0     0     0     0     1     2     1     0   776     1
   106     1     3     1     6     8     2     4     0     1     0     0     1     1     0     1   604     0
   107     2     8     1     7     1     3     5     0     1     0     0     0     3     0     0   531     0
   108     2     8     1     7     1     3     5     1     0     1     0     1     1     1     1   745     0
   109     2     7     0     5     7     1     3     0     1     1     0     1     2     1     1   708     0
   110     2     7     0     5     7     1     3     1     0     1     0     0     1     1     1   826     0
   111     1     2     2     4     6     8     2     1     0     0     1     1     3     0     0   680     0
   112     2     5     0     1     3     5     7     1     1     1     0     1     3     0     1  1052     0
   113     2     8     1     7     1     3     5     0     1     0     1     1     2     1     0   568     0
   114     2     8     1     7     1     3     5     1     0     1     1     0     1     1     1   699     0
   115     2     7     0     5     7     1     3     0     0     1     1     1     2     1     0  1299     0
   116     2     7     0     5     7     1     3     1     0     0     0     0     1     1     0  1005     0
   117     2     6     2     3     5     7     1     1     1     0     0     1     2     0     1   749     0
   118     2     6     2     3     5     7     1     0     0     1     0     0     1     1     1  1123     0
   119     1     3     1     6     8     2     4     1     1     1     1     1     3     1     1   534     0
   120     2     8     1     7     1     3     5     0     1     0     0     0     3     1     0   997     0
   121     2     5     0     1     3     5     7     1     0     0     1     1     2     1     1   669     0
   122     2     8     1     7     1     3     5     1     0     0     0     0     2     0     0   603     0
   123     1     4     1     8     2     4     6     1     1     0     0     1     3     0     1   749     0
   124     1     2     2     4     6     8     2     0     0     1     1     1     2     1     1  1109     0
   125     1     4     1     8     2     4     6     1     1     0     0     1     2     1     1   780     0
   126     1     4     1     8     2     4     6     1     0     1     1     1     1     0     1   715     0
   127     2     6     2     3     5     7     1     0     0     1     1     0     3     1     0   609     0
   128     2     6     2     3     5     7     1     0     1     1     0     0     1     0     1   795     0
   129     1     2     2     4     6     8     2     1     1     0     0     0     3     1     0   759     1
   130     1     2     2     4     6     8     2     1     0     1     0     0     1     0     1   550     0
   131     2     8     1     7     1     3     5     0     0     1     1     1     3     1     0   694     0
   132     2     8     1     7     1     3     5     1     1     1     1     1     1     1     1   488     0
   133     2     6     2     3     5     7     1     1     0     0     0     1     2     0     1   431     0
   134     1     3     1     6     8     2     4     1     1     1     0     0     3     0     1   548     0
   135     1     3     1     6     8     2     4     1     0     1     1     0     1     0     1   435     1
   136     1     3     1     6     8     2     4     0     0     0     0     1     1     1     0  1425     1
   137     1     2     2     4     6     8     2     0     1     0     1     0     2     0     1   691     1
   138     1     2     2     4     6     8     2     0     0     0     0     1     1     0     1   582     0
   139     1     4     1     8     2     4     6     1     1     1     1     0     2     1     1   754     0
   140     2     5     0     1     3     5     7     1     1     0     0     1     3     0     0   555     0
   141     2     8     1     7     1     3     5     0     0     0     0     0     2     1     1   760     0
   142     2     8     1     7     1     3     5     0     0     1     1     1     1     0     0   560     0
   143     1     1     2     2     4     6     8     0     1     1     0     0     3     0     1   534     0
   144     1     1     2     2     4     6     8     1     0     0     1     0     1     1     1  1330     0
   145     1     3     1     6     8     2     4     0     1     0     0     0     2     1     1   607     0
   146     1     3     1     6     8     2     4     0     1     1     0     1     1     0     0   749     0
   147     1     1     2     2     4     6     8     1     1     1     1     1     2     1     0   981     0
   148     1     1     2     2     4     6     8     1     1     0     0     0     1     0     0   486     0
   149     2     8     1     7     1     3     5     1     1     1     1     0     3     0     0   507     0
   150     2     6     2     3     5     7     1     0     1     0     1     1     2     1     0   792     0
   151     1     3     1     6     8     2     4     0     0     1     0     1     3     0     1   666     0
   152     1     3     1     6     8     2     4     1     0     0     0     0     1     1     0   695     0
   153     1     1     2     2     4     6     8     1     0     1     1     1     2     0     0   697     1
   154     1     4     1     8     2     4     6     1     0     1     1     0     2     0     0   741     1
   155     1     3     1     6     8     2     4     0     0     0     0     1     2     1     0   742     0
   156     1     3     1     6     8     2     4     0     0     0     1     1     1     0     0   698     0
   157     2     7     0     5     7     1     3     1     1     0     0     1     3     1     1  1166     0
   158     2     7     0     5     7     1     3     1     1     0     1     1     1     0     0   663     0
   159     1     3     1     6     8     2     4     1     1     0     0     1     3     0     0   636     0
   160     1     2     2     4     6     8     2     1     1     0     1     0     2     0     0  1118     1
   161     1     3     1     6     8     2     4     0     0     1     0     0     2     1     1   521     0
   162     1     3     1     6     8     2     4     1     0     1     1     0     1     1     0   630     0
   163     2     6     2     3     5     7     1     0     1     0     0     0     3     1     1   773     1
   164     1     3     1     6     8     2     4     1     1     0     0     0     3     1     0   615     0
   165     1     2     2     4     6     8     2     0     0     0     0     1     2     1     1   860     0
   166     1     3     1     6     8     2     4     0     1     0     0     1     2     0     1   649     0
   167     2     7     0     5     7     1     3     1     1     0     1     0     3     1     0   901     0
   168     2     7     0     5     7     1     3     1     0     1     1     0     1     0     1   710     0
   169     2     5     0     1     3     5     7     1     1     0     1     0     2     0     1   859     0
   170     2     5     0     1     3     5     7     0     1     1     0     0     1     1     0  1317     1
   171     2     6     2     3     5     7     1     1     1     1     0     1     2     1     0   608     0
   172     2     7     0     5     7     1     3     0     0     0     0     0     2     1     1   794     0
   173     2     7     0     5     7     1     3     0     1     1     1     1     1     0     1   936     0
   174     2     5     0     1     3     5     7     0     1     0     0     0     2     0     0  1191     1
   175     1     3     1     6     8     2     4     1     0     0     1     1     3     1     1   780     0
   176     1     4     1     8     2     4     6     0     1     0     1     1     2     1     1   534     0
   177     1     3     1     6     8     2     4     1     1     1     1     1     2     1     0  1062     0
   178     1     4     1     8     2     4     6     1     1     0     1     1     2     0     0   573     0
   179     1     3     1     6     8     2     4     0     0     1     0     0     2     1     1   476     1
   180     1     2     2     4     6     8     2     0     0     1     1     0     2     0     0  1084     0
   181     2     7     0     5     7     1     3     1     0     0     1     1     3     1     0   714     0
   182     2     6     2     3     5     7     1     0     1     1     1     0     2     1     1   576     0
   183     2     5     0     1     3     5     7     0     1     1     1     1     2     0     0   692     0
   184     2     6     2     3     5     7     1     1     0     1     0     1     2     1     1   921     0
   185     1     2     2     4     6     8     2     1     0     0     0     0     3     0     0   559     0
   186     1     4     1     8     2     4     6     1     0     0     1     0     2     0     0   680     0
   187     1     4     1     8     2     4     6     1     1     0     0     1     1     0     1   487     0
   188     1     3     1     6     8     2     4     0     0     0     0     1     2     1     1   706     0
   189     2     7     0     5     7     1     3     0     0     1     0     1     3     0     0   625     0
   190     2     8     1     7     1     3     5     0     1     0     0     1     2     0     1   619     0
   191     1     2     2     4     6     8     2     0     0     1     0     1     3     0     1   665     0
   192     1     3     1     6     8     2     4     0     1     0     1     0     2     0     1   778     0
   193     1     1     2     2     4     6     8     0     0     1     0     0     2     0     1   644     1
   194     1     1     2     2     4     6     8     1     1     1     1     1     1     1     1   622     0
   195     2     5     0     1     3     5     7     0     0     0     0     1     3     1     1   536     0
   196     2     5     0     1     3     5     7     1     0     0     1     0     1     1     0  1397     0
   197     2     6     2     3     5     7     1     0     0     0     0     1     2     1     0   817     0
   198     2     7     0     5     7     1     3     0     1     1     0     1     2     0     1   515     0
   199     1     4     1     8     2     4     6     0     0     0     0     0     3     0     1   466     0
   200     1     4     1     8     2     4     6     0     1     1     0     1     1     0     1   562     1
   201     1     4     1     8     2     4     6     1     0     1     1     1     1     1     1   542     0
   202     1     4     1     8     2     4     6     0     0     1     1     0     1     1     0   579     0
   203     2     5     0     1     3     5     7     0     0     0     0     1     3     0     0   446     0
   204     2     5     0     1     3     5     7     0     1     0     1     0     1     0     1   559     0
   205     2     6     2     3     5     7     1     1     0     0     1     0     2     1     1   593     0
   206     2     6     2     3     5     7     1     0     1     0     1     1     1     1     1   714     0
   207     2     8     1     7     1     3     5     1     1     1     1     0     2     1     0   647     0
   208     2     5     0     1     3     5     7     1     0     0     1     1     2     0     1   680     0
   209     1     3     1     6     8     2     4     1     0     1     0     0     3     0     0  1240     0
   210     1     3     1     6     8     2     4     0     1     0     0     1     1     1     1   652     0
   211     2     5     0     1     3     5     7     1     1     1     1     1     3     1     0   592     1
   212     2     5     0     1     3     5     7     1     0     1     0     1     1     0     1   535     0
   213     1     1     2     2     4     6     8     0     1     1     0     1     3     1     1   898     0
   214     1     1     2     2     4     6     8     1     0     1     0     0     1     1     1   462     0
   215     1     4     1     8     2     4     6     1     1     0     1     0     2     0     1   449     0
   216     1     4     1     8     2     4     6     1     1     0     1     1     1     0     0   405     0
   217     1     1     2     2     4     6     8     0     1     0     0     1     2     1     0   589     0
   218     1     2     2     4     6     8     2     1     0     0     0     1     2     1     1   558     0
   219     2     8     1     7     1     3     5     1     0     0     1     0     3     0     0   534     0
   220     2     8     1     7     1     3     5     1     1     1     0     0     1     0     1   535     0
   221     1     4     1     8     2     4     6     0     0     1     0     0     3     1     1   528     0
   222     1     2     2     4     6     8     2     0     0     1     0     0     2     0     0   480     0
   223     1     2     2     4     6     8     2     1     0     1     0     1     1     1     0   603     0
   224     1     1     2     2     4     6     8     0     1     0     0     1     2     1     1   424     1
   225     2     8     1     7     1     3     5     0     0     1     0     1     3     0     1   488     0
   226     1     3     1     6     8     2     4     1     1     1     0     1     3     1     1   694     0
   227     2     7     0     5     7     1     3     0     1     0     0     1     3     1     0   816     0
   228     2     7     0     5     7     1     3     0     0     1     0     1     1     0     1   449     0
   229     2     8     1     7     1     3     5     0     0     0     0     0     2     0     0   547     1
   230     2     8     1     7     1     3     5     0     0     1     1     1     1     0     0   453     0
   231     2     8     1     7     1     3     5     1     1     0     0     1     1     1     1   737     0
   232     2     8     1     7     1     3     5     1     1     1     1     1     1     0     0   458     0
   233     2     8     1     7     1     3     5     0     1     1     1     0     1     1     0   529     0
   234     2     5     0     1     3     5     7     1     1     0     0     0     2     1     0   456     1
   235     1     4     1     8     2     4     6     0     0     1     0     1     3     1     1   668     0
   236     1     4     1     8     2     4     6     0     1     1     0     0     1     0     1   489     0
   237     2     5     0     1     3     5     7     1     1     0     0     0     3     1     0  1119     0
   238     1     2     2     4     6     8     2     1     0     0     0     1     3     0     1   673     0
   239     2     6     2     3     5     7     1     0     1     1     1     1     3     1     1   647     0
   240     2     8     1     7     1     3     5     1     1     1     0     0     2     1     0   855     0
   241     2     8     1     7     1     3     5     0     1     1     1     1     1     1     0   435     0
   242     2     8     1     7     1     3     5     0     0     1     0     1     1     0     1   459     0
   243     1     1     2     2     4     6     8     0     0     0     0     0     3     0     0   532     0
   244     1     1     2     2     4     6     8     0     0     1     1     1     1     0     0   824     0
   245     2     7     0     5     7     1     3     0     1     0     0     0     3     0     1   670     0
   246     2     7     0     5     7     1     3     1     0     0     1     0     1     1     1   646     0
   247     1     3     1     6     8     2     4     1     1     1     0     0     3     0     1   548     0
   248     1     4     1     8     2     4     6     1     0     1     0     0     2     0     1   769     0
   249     2     6     2     3     5     7     1     0     0     0     0     0     3     1     0   619     0
   250     2     6     2     3     5     7     1     1     1     0     0     0     1     1     1   546     0
   251     1     4     1     8     2     4     6     0     1     0     0     0     3     1     0   522     1
   252     1     1     2     2     4     6     8     1     1     0     0     0     2     1     0  1244     0
   253     1     4     1     8     2     4     6     0     0     1     0     1     2     1     1   537     0
   254     2     7     0     5     7     1     3     0     1     0     0     1     3     0     1  1045     0
   255     1     1     2     2     4     6     8     0     0     1     0     1     3     0     1   512     0
   256     2     8     1     7     1     3     5     1     1     1     0     0     3     1     1   432     0
   257     2     8     1     7     1     3     5     0     0     1     0     1     1     1     1   640     0
   258     2     8     1     7     1     3     5     0     1     1     0     1     1     0     1   443     0
   259     2     5     0     1     3     5     7     0     0     1     1     0     2     0     1   899     1
   260     2     5     0     1     3     5     7     1     0     1     1     1     1     1     0   764     0
   261     2     7     0     5     7     1     3     0     1     0     0     0     2     1     1   793     0
   262     2     6     2     3     5     7     1     0     0     0     1     1     2     0     1   509     0
   263     2     7     0     5     7     1     3     1     1     0     0     1     2     1     1   611     0
   264     2     7     0     5     7     1     3     0     0     0     0     1     1     1     1   636     0
   265     2     5     0     1     3     5     7     0     0     0     1     0     2     0     0   944     0
   266     1     4     1     8     2     4     6     0     1     0     1     1     3     0     1   821     0
   267     2     7     0     5     7     1     3     1     0     0     0     1     3     1     1   920     1
   268     2     7     0     5     7     1     3     0     1     0     1     0     1     1     1   931     0
   269     1     3     1     6     8     2     4     0     0     1     0     1     3     0     1   880     1
   270     1     3     1     6     8     2     4     0     1     1     1     1     1     0     1   497     0
   271     1     4     1     8     2     4     6     0     0     1     0     0     2     0     1   722     1
   272     1     4     1     8     2     4     6     0     0     0     0     0     1     0     0   640     0
   273     1     2     2     4     6     8     2     1     1     1     0     0     2     1     1   776     1
   274     1     2     2     4     6     8     2     0     0     1     0     1     1     1     1   789     0
   275     2     6     2     3     5     7     1     0     1     1     0     1     3     0     1   848     0
   276     2     6     2     3     5     7     1     0     0     0     1     0     1     0     1   480     0
   277     2     5     0     1     3     5     7     0     1     1     1     1     2     0     1   613     0
   278     1     2     2     4     6     8     2     1     1     0     1     1     3     1     0   668     0
   279     2     7     0     5     7     1     3     0     1     0     1     1     3     1     0   853     0
   280     2     8     1     7     1     3     5     1     0     1     1     0     2     1     1   551     0
   281     1     2     2     4     6     8     2     0     0     0     0     1     3     1     0   823     0
   282     1     2     2     4     6     8     2     0     1     0     1     0     1     0     1   794     0
   283     1     1     2     2     4     6     8     0     1     0     0     1     2     0     0   576     0
   284     1     1     2     2     4     6     8     0     1     1     0     0     1     0     0   477     0
   285     1     1     2     2     4     6     8     1     0     0     0     0     1     1     1   762     0
   286     1     1     2     2     4     6     8     0     0     0     1     1     1     1     0   482     0
   287     1     2     2     4     6     8     2     1     0     1     0     0     2     1     0   616     0
   288     1     2     2     4     6     8     2     0     1     0     0     1     1     1     1   644     0
   289     1     1     2     2     4     6     8     0     0     1     0     0     2     0     1   522     0
   290     1     3     1     6     8     2     4     1     1     0     0     0     2     1     1   514     0
   291     2     6     2     3     5     7     1     1     1     1     1     0     3     0     0   467     0
   292     2     5     0     1     3     5     7     0     1     1     1     0     2     1     0  1472     1
   293     2     8     1     7     1     3     5     1     0     0     0     0     2     1     1   824     1
   294     1     3     1     6     8     2     4     0     1     0     1     0     3     1     1   838     0
   295     2     8     1     7     1     3     5     0     0     0     0     0     3     0     1   548     0
   296     1     1     2     2     4     6     8     1     1     1     0     0     3     1     1   605     0
   297     1     1     2     2     4     6     8     0     0     1     1     1     1     1     1   556     0
   298     1     1     2     2     4     6     8     0     1     0     1     0     1     0     1   619     0
   299     1     1     2     2     4     6     8     1     1     0     1     1     1     1     0   655     0
   300     1     1     2     2     4     6     8     1     1     0     1     1     1     0     0   562     0
   301     2     6     2     3     5     7     1     1     0     0     1     1     3     0     1   580     0
   302     2     6     2     3     5     7     1     0     0     1     1     0     1     1     0   513     0
   303     2     5     0     1     3     5     7     0     1     1     0     0     2     0     1   918     0
   304     2     5     0     1     3     5     7     1     0     1     1     1     1     1     1   630     0
   305     2     7     0     5     7     1     3     1     0     0     0     0     2     0     0   494     1
   306     2     5     0     1     3     5     7     0     1     0     0     1     2     1     1  1032     0
   307     2     8     1     7     1     3     5     1     0     0     0     1     2     1     1   746     1
   308     2     7     0     5     7     1     3     1     1     1     0     1     2     0     1   898     0
   309     1     3     1     6     8     2     4     0     1     0     0     1     3     1     0   858     0
   310     1     3     1     6     8     2     4     0     1     1     0     0     1     0     0  1248     1
   311     1     2     2     4     6     8     2     1     0     0     1     0     2     1     1   733     0
   312     1     1     2     2     4     6     8     1     1     1     0     1     2     0     1   626     0
   313     2     6     2     3     5     7     1     0     0     0     0     0     3     1     1   527     0
   314     2     7     0     5     7     1     3     0     0     1     1     1     2     0     0  1223     0
   315     1     1     2     2     4     6     8     0     0     0     0     1     3     0     0   460     0
   316     1     1     2     2     4     6     8     0     1     1     1     1     1     0     1   490     0
   317     2     5     0     1     3     5     7     1     1     0     0     0     3     1     0  1122     0
   318     1     4     1     8     2     4     6     0     1     1     0     1     3     1     0   761     0
   319     1     2     2     4     6     8     2     1     1     1     1     0     2     1     0   800     0
   320     1     2     2     4     6     8     2     0     1     0     1     0     1     1     0   643     0
   321     2     7     0     5     7     1     3     1     1     0     1     1     3     1     0   495     0
   322     2     7     0     5     7     1     3     1     1     0     1     0     1     0     0   371     0
   323     1     1     2     2     4     6     8     0     0     0     0     0     3     1     1   581     0
   324     1     1     2     2     4     6     8     1     1     1     0     0     1     1     1   466     0
   325     1     1     2     2     4     6     8     0     0     1     1     1     1     1     1  1073     0
   326     2     8     1     7     1     3     5     1     0     0     0     0     3     1     0   586     1
   327     2     5     0     1     3     5     7     0     1     1     1     1     2     1     1   536     0
   328     2     5     0     1     3     5     7     0     1     0     1     1     1     0     0   592     0
   329     2     6     2     3     5     7     1     1     1     1     1     1     2     1     0   371     0
   330     2     6     2     3     5     7     1     0     0     0     0     0     1     1     1   880     0
   331     2     6     2     3     5     7     1     1     1     0     0     0     1     1     1   452     0
   332     2     7     0     5     7     1     3     0     0     0     0     1     2     1     1   837     0
   333     2     5     0     1     3     5     7     1     1     1     1     0     2     1     1   672     0
   334     2     5     0     1     3     5     7     0     0     1     0     1     1     1     1   706     0
   335     1     1     2     2     4     6     8     1     0     0     0     1     3     1     0   471     0
   336     1     1     2     2     4     6     8     0     0     1     1     1     1     1     0   464     1
   337     1     4     1     8     2     4     6     1     1     0     1     0     2     1     1   688     0
   338     1     4     1     8     2     4     6     1     0     1     1     0     1     0     1   515     0
   339     2     5     0     1     3     5     7     1     1     0     1     0     3     0     1   512     0
   340     2     5     0     1     3     5     7     1     0     1     0     1     1     0     1   474     1
   341     2     7     0     5     7     1     3     0     0     0     1     0     2     1     0   550     1
   342     2     7     0     5     7     1     3     1     1     1     1     0     1     1     1   825     0
   343     2     8     1     7     1     3     5     1     0     0     0     1     2     0     1   544     0
   344     1     1     2     2     4     6     8     1     0     0     0     1     3     0     0   462     0
   345     2     6     2     3     5     7     1     1     1     0     0     0     3     0     1   590     0
   346     2     7     0     5     7     1     3     0     1     1     0     0     2     1     0  1294     0
   347     2     8     1     7     1     3     5     0     0     1     1     1     2     0     1   630     0
   348     2     8     1     7     1     3     5     1     0     0     1     1     1     1     0   612     0
   349     1     2     2     4     6     8     2     1     0     1     0     0     3     0     0   678     0
   350     2     7     0     5     7     1     3     1     1     0     1     1     3     0     1   693     0
   351     2     8     1     7     1     3     5     1     1     0     0     1     2     0     0   855     0
   352     2     8     1     7     1     3     5     1     0     0     1     0     1     0     1   567     0
   353     2     7     0     5     7     1     3     0     0     0     1     0     2     1     0   576     0
   354     2     7     0     5     7     1     3     0     0     1     0     0     1     0     0   586     0
   355     1     4     1     8     2     4     6     1     0     1     1     0     3     1     0  1035     0
   356     1     4     1     8     2     4     6     0     1     0     0     0     1     1     1  1002     0
   357     1     3     1     6     8     2     4     1     0     0     1     0     2     1     1   537     0
   358     1     2     2     4     6     8     2     1     0     1     0     1     2     0     0   442     0
   359     1     4     1     8     2     4     6     1     0     0     1     0     2     0     0   891     0
   360     2     7     0     5     7     1     3     1     0     0     0     0     3     0     0   535     0
   361     1     4     1     8     2     4     6     0     0     0     1     1     3     1     0  1028     0
   362     1     4     1     8     2     4     6     1     0     1     1     0     1     1     0   525     1
   363     2     7     0     5     7     1     3     0     0     0     0     0     3     1     0   503     0
   364     2     7     0     5     7     1     3     0     0     1     0     0     1     0     0   450     0
   365     2     8     1     7     1     3     5     0     1     0     1     1     2     0     1   665     0
   366     2     7     0     5     7     1     3     1     1     1     0     1     2     1     0   725     0
   367     1     4     1     8     2     4     6     1     1     1     0     1     3     0     0   678     0
   368     1     4     1     8     2     4     6     1     1     1     1     0     1     0     0   544     0
   369     2     5     0     1     3     5     7     1     1     1     0     1     3     0     0   725     0
   370     2     5     0     1     3     5     7     1     1     0     0     1     1     0     0   545     0
   371     1     3     1     6     8     2     4     1     1     0     0     0     3     0     0   646     1
   372     1     3     1     6     8     2     4     0     1     1     0     0     1     1     0   625     0
   373     1     1     2     2     4     6     8     0     1     0     1     1     2     0     0   550     0
   374     1     1     2     2     4     6     8     1     0     1     1     0     1     1     1   717     0
   375     1     2     2     4     6     8     2     0     1     0     1     0     2     1     1   656     0
   376     1     2     2     4     6     8     2     1     0     1     1     0     1     1     1   728     0
   377     1     3     1     6     8     2     4     0     1     1     0     0     2     1     1  1332     0
   378     1     3     1     6     8     2     4     1     1     0     0     1     1     1     0   676     0
   379     1     1     2     2     4     6     8     1     1     0     0     0     2     0     0   902     0
   380     1     3     1     6     8     2     4     1     1     1     0     0     2     0     0   673     0
   381     1     4     1     8     2     4     6     0     0     0     1     0     2     1     1   766     0
   382     1     2     2     4     6     8     2     0     0     1     0     0     2     0     0   867     0
   383     2     7     0     5     7     1     3     1     0     1     0     0     3     1     0   607     0
   384     2     7     0     5     7     1     3     0     1     0     0     0     1     1     1  1025     0
   385     1     4     1     8     2     4     6     1     1     1     1     1     3     1     0   790     0
   386     1     4     1     8     2     4     6     0     0     1     1     0     1     1     1   588     0
   387     2     7     0     5     7     1     3     0     1     1     0     0     3     0     1   749     0
   388     1     2     2     4     6     8     2     1     1     0     0     1     3     1     0   620     0
   389     1     1     2     2     4     6     8     1     0     0     1     1     2     0     1   521     0
   390     1     1     2     2     4     6     8     1     1     1     0     0     1     0     1   508     0
   391     2     5     0     1     3     5     7     0     1     0     1     1     3     1     0   688     1
   392     2     5     0     1     3     5     7     0     0     1     0     0     1     0     1   557     0
   393     2     6     2     3     5     7     1     1     0     0     1     0     2     1     0   798     0
   394     2     5     0     1     3     5     7     0     1     0     1     1     2     1     1   829     0
   395     2     5     0     1     3     5     7     0     0     1     0     0     1     0     1   803     0
   396     1     4     1     8     2     4     6     0     0     1     0     0     3     0     0   550     0
   397     1     4     1     8     2     4     6     1     1     0     1     1     1     1     1   511     0
   398     1     1     2     2     4     6     8     1     1     1     0     1     2     0     0   573     1
   399     1     2     2     4     6     8     2     0     0     0     1     1     2     1     1   797     0
   400     1     2     2     4     6     8     2     0     1     0     1     1     1     0     1   549     0
   401     2     6     2     3     5     7     1     0     1     0     0     1     3     0     0   621     0
   402     2     6     2     3     5     7     1     1     0     1     1     1     1     1     1   609     0
   403     2     7     0     5     7     1     3     0     0     0     0     1     2     1     0   960     0
   404     2     7     0     5     7     1     3     0     1     0     0     1     1     0     1   536     0
   405     1     4     1     8     2     4     6     1     1     0     0     0     3     1     0   968     0
   406     1     4     1     8     2     4     6     0     0     1     0     0     1     1     1   867     0
   407     2     7     0     5     7     1     3     0     1     1     0     1     3     0     1   548     0
   408     2     7     0     5     7     1     3     0     1     1     1     1     1     0     0   628     0
   409     2     6     2     3     5     7     1     1     1     0     0     0     2     1     0   937     0
   410     2     6     2     3     5     7     1     0     1     0     1     0     1     1     0   464     0
   411     2     8     1     7     1     3     5     1     1     1     1     0     2     1     0   536     0
   412     2     7     0     5     7     1     3     0     1     1     1     0     2     1     0   802     0
   413     2     7     0     5     7     1     3     0     0     1     1     1     1     0     1   602     0
   414     2     7     0     5     7     1     3     1     0     0     1     1     1     1     0   767     0
   415     1     3     1     6     8     2     4     1     0     1     0     1     3     0     0   445     1
   416     1     3     1     6     8     2     4     1     1     1     0     0     1     0     1   509     0
   417     1     3     1     6     8     2     4     1     0     0     0     0     1     0     1   401     0
   418     1     4     1     8     2     4     6     1     0     0     0     1     2     0     0   867     0
   419     1     2     2     4     6     8     2     0     0     1     0     1     2     1     0   601     0
   420     1     2     2     4     6     8     2     0     0     0     1     1     1     0     0   468     0
   421     1     1     2     2     4     6     8     0     1     1     1     0     2     0     1   841     0
   422     1     1     2     2     4     6     8     0     1     1     1     0     1     0     0   664     0
   423     2     6     2     3     5     7     1     1     1     1     0     1     3     1     0   678     0
   424     2     5     0     1     3     5     7     1     0     1     0     0     2     0     1   628     0
   425     2     6     2     3     5     7     1     0     1     0     1     1     2     1     1   689     0
   426     2     6     2     3     5     7     1     0     0     1     0     0     1     0     1   469     0
   427     1     3     1     6     8     2     4     1     1     0     1     0     3     1     1   917     0
   428     1     3     1     6     8     2     4     0     1     1     0     1     1     1     0   527     0
   429     2     7     0     5     7     1     3     1     1     1     0     0     3     1     0   669     0
   430     2     7     0     5     7     1     3     1     1     1     1     1     1     0     0   396     0
   431     1     1     2     2     4     6     8     0     1     0     1     1     3     1     0   531     1
   432     1     4     1     8     2     4     6     1     1     1     1     0     2     1     0   549     0
   433     2     5     0     1     3     5     7     0     0     1     1     1     3     1     1   646     0
   434     2     5     0     1     3     5     7     1     0     0     1     1     1     1     0   563     0
   435     2     6     2     3     5     7     1     0     1     1     0     0     2     1     1   591     0
   436     2     6     2     3     5     7     1     0     0     1     1     0     1     0     1   832     0
   437     2     8     1     7     1     3     5     1     1     0     1     0     2     1     1   483     0
   438     2     8     1     7     1     3     5     1     1     0     0     1     1     0     0   467     1
   439     1     2     2     4     6     8     2     1     0     0     0     1     3     0     1   545     0
   440     1     4     1     8     2     4     6     0     0     1     1     0     2     1     0   848     0
   441     1     1     2     2     4     6     8     1     0     1     1     0     2     1     0   552     0
   442     2     6     2     3     5     7     1     0     1     1     1     0     3     1     1   683     0
   443     1     1     2     2     4     6     8     0     1     1     1     1     3     0     0   862     0
   444     1     1     2     2     4     6     8     0     0     1     0     1     1     0     1   458     0
   445     2     7     0     5     7     1     3     0     0     0     0     0     3     0     0   835     0
   446     1     4     1     8     2     4     6     0     0     1     0     1     3     0     0   673     0
   447     2     6     2     3     5     7     1     0     1     0     0     1     3     0     1   589     0
   448     2     6     2     3     5     7     1     0     0     1     1     1     1     0     1   456     0
   449     1     1     2     2     4     6     8     1     0     1     0     0     3     1     0   432     0
   450     1     2     2     4     6     8     2     1     0     0     0     1     2     0     0   456     0
   451     1     2     2     4     6     8     2     1     0     1     0     1     1     0     0   367     1
   452     1     2     2     4     6     8     2     1     1     1     1     1     1     0     1   459     0
   453     1     1     2     2     4     6     8     1     1     0     0     0     2     0     0   549     0
   454     1     4     1     8     2     4     6     1     0     1     1     1     2     0     1   483     0
   455     2     7     0     5     7     1     3     0     1     1     0     0     3     1     1   679     0
   456     2     8     1     7     1     3     5     1     0     1     0     0     2     1     1   484     0
   457     2     8     1     7     1     3     5     0     0     0     0     0     1     1     0   553     0
   458     2     8     1     7     1     3     5     1     1     0     1     0     1     1     1   501     0
   459     1     4     1     8     2     4     6     0     0     1     0     0     3     1     1   490     0
   460     1     4     1     8     2     4     6     1     1     1     0     0     1     1     1   594     0
   461     1     1     2     2     4     6     8     0     0     0     1     1     2     1     1   511     0
   462     1     2     2     4     6     8     2     0     1     1     1     0     2     0     1   736     0
   463     1     1     2     2     4     6     8     1     1     1     1     0     2     1     0   669     0
   464     1     3     1     6     8     2     4     0     1     1     0     0     2     1     0   581     0
   465     1     4     1     8     2     4     6     1     1     0     1     0     2     1     0   502     1
   466     1     4     1     8     2     4     6     0     1     1     1     1     1     1     0   431     0
   467     2     7     0     5     7     1     3     1     1     1     0     0     3     1     0   661     0
   468     2     7     0     5     7     1     3     0     1     1     1     1     1     1     0   502     0
   469     2     6     2     3     5     7     1     0     0     1     0     1     2     0     1   564     0
   470     2     6     2     3     5     7     1     0     0     0     0     0     1     0     0   418     0
   471     1     4     1     8     2     4     6     0     0     1     1     0     3     0     0   531     0
   472     1     1     2     2     4     6     8     0     0     1     1     0     2     0     0   438     0
   473     2     8     1     7     1     3     5     1     1     0     1     0     3     1     1   558     0
   474     2     8     1     7     1     3     5     0     1     1     1     0     1     1     0   402     0
   475     2     8     1     7     1     3     5     1     1     1     1     1     1     1     0   387     0
   476     2     8     1     7     1     3     5     0     0     0     0     0     1     1     1   575     0
   477     2     8     1     7     1     3     5     1     1     0     0     1     1     1     1   619     0
   478     2     8     1     7     1     3     5     0     0     1     1     1     1     1     1   592     0
   479     2     7     0     5     7     1     3     0     0     0     1     0     2     0     0   553     0
   480     2     7     0     5     7     1     3     0     0     1     0     1     1     0     0   683     0
   481     1     3     1     6     8     2     4     1     1     1     1     0     3     1     1   558     0
   482     1     3     1     6     8     2     4     1     0     1     0     1     1     0     1   540     0
   483     2     8     1     7     1     3     5     1     0     1     1     1     3     0     0   417     0
   484     2     5     0     1     3     5     7     1     0     0     0     1     2     0     0   668     0
   485     2     8     1     7     1     3     5     1     0     1     0     0     2     0     0   464     0
   486     2     8     1     7     1     3     5     1     0     1     1     1     1     0     0   387     0
   487     1     1     2     2     4     6     8     0     1     0     0     0     3     1     1   422     1
   488     1     1     2     2     4     6     8     0     0     0     0     1     1     0     1   705     0
   489     2     6     2     3     5     7     1     0     1     0     0     1     3     0     1   732     0
   490     2     6     2     3     5     7     1     0     0     0     0     1     1     0     1   495     0
   491     2     8     1     7     1     3     5     1     1     0     0     1     2     1     1   503     0
   492     2     8     1     7     1     3     5     1     1     1     0     0     1     0     0   506     0
   493     2     6     2     3     5     7     1     1     1     1     0     1     2     0     0   821     0
   494     2     6     2     3     5     7     1     1     1     0     1     0     1     0     0   470     0
   495     2     6     2     3     5     7     1     0     1     0     0     1     1     1     0   568     0
   496     2     6     2     3     5     7     1     1     0     1     0     0     1     1     1   479     0
   497     1     2     2     4     6     8     2     1     1     0     0     0     3     0     1   655     0
   498     1     2     2     4     6     8     2     1     0     0     1     1     1     0     1   715     0
   499     1     2     2     4     6     8     2     0     1     1     1     1     1     1     1   566     0
   500     1     3     1     6     8     2     4     1     1     0     0     0     2     1     0   679     0
   501     1     1     2     2     4     6     8     1     1     1     1     0     2     0     0   493     0
   502     1     3     1     6     8     2     4     0     1     0     1     0     2     1     0   818     0
   503     1     1     2     2     4     6     8     1     0     0     0     0     2     1     1   510     0
   504     1     1     2     2     4     6     8     1     1     0     1     0     1     0     1   538     0
   505     2     5     0     1     3     5     7     1     1     1     1     1     3     0     0   433     0
   506     2     5     0     1     3     5     7     1     1     0     0     0     1     0     0   379     0
   507     2     6     2     3     5     7     1     0     0     1     0     1     2     1     1   381     1
   508     2     6     2     3     5     7     1     0     1     0     1     0     1     0     1   467     0
   509     2     8     1     7     1     3     5     1     1     1     1     1     2     1     0   515     0
   510     2     8     1     7     1     3     5     1     1     0     0     0     1     0     0   422     0
   511     2     6     2     3     5     7     1     1     1     1     0     0     2     0     0   534     0
   512     2     6     2     3     5     7     1     1     0     1     0     0     1     0     1   590     0
   513     1     3     1     6     8     2     4     0     0     0     0     0     3     1     0   783     0
   514     1     3     1     6     8     2     4     1     1     1     0     0     1     1     1   509     0
   515     1     4     1     8     2     4     6     1     1     1     0     1     2     0     0   646     0
   516     1     3     1     6     8     2     4     0     0     0     1     1     2     1     1   764     0
   517     1     2     2     4     6     8     2     0     1     0     1     1     2     0     1   477     0
   518     1     2     2     4     6     8     2     1     1     1     1     1     1     1     0   449     0
   519     2     7     0     5     7     1     3     0     0     0     0     0     3     1     1   644     0
   520     2     8     1     7     1     3     5     0     0     0     0     1     2     0     0   532     0
   521     2     8     1     7     1     3     5     1     1     0     0     0     1     1     1   479     0
   522     2     8     1     7     1     3     5     1     0     0     0     0     1     0     1   571     0
   523     2     7     0     5     7     1     3     0     1     1     0     1     2     1     1   521     0
   524     1     4     1     8     2     4     6     0     0     0     1     1     3     0     1   493     0
   525     2     6     2     3     5     7     1     1     1     0     1     0     3     1     1   597     0
   526     2     6     2     3     5     7     1     1     0     0     1     0     1     0     1   457     0
   527     2     7     0     5     7     1     3     0     1     0     0     1     2     1     1   731     0
   528     2     8     1     7     1     3     5     0     1     1     0     0     2     0     0   506     0
   529     1     1     2     2     4     6     8     1     0     1     0     1     3     1     1   460     0
   530     2     6     2     3     5     7     1     1     1     1     1     0     3     0     1   532     0
   531     1     3     1     6     8     2     4     1     0     0     0     1     3     0     1   549     0
   532     2     6     2     3     5     7     1     0     0     1     1     1     3     1     0   542     0
   533     2     5     0     1     3     5     7     1     0     0     1     0     2     1     0   992     1
   534     2     5     0     1     3     5     7     1     0     0     0     0     1     0     0   482     0
   535     1     2     2     4     6     8     2     0     0     0     0     0     3     1     0   609     0
   536     1     2     2     4     6     8     2     1     1     0     0     0     1     1     1   546     0
   537     1     2     2     4     6     8     2     0     1     1     0     1     1     1     0   623     0
   538     2     7     0     5     7     1     3     0     1     0     1     0     3     0     0   633     0
   539     1     3     1     6     8     2     4     0     0     0     1     1     3     0     1   579     0
   540     1     3     1     6     8     2     4     0     1     0     1     1     1     0     1   485     0
   541     1     3     1     6     8     2     4     1     1     1     1     1     1     1     0   434     0
   542     2     8     1     7     1     3     5     0     1     1     1     1     3     1     0   508     0
   543     1     1     2     2     4     6     8     1     1     1     1     0     3     1     0   735     0
   544     2     6     2     3     5     7     1     0     1     0     1     0     3     1     0   523     0
   545     1     3     1     6     8     2     4     1     0     0     0     1     3     1     1  1265     0
   546     1     3     1     6     8     2     4     0     1     0     1     1     1     1     1   441     0
   547     1     1     2     2     4     6     8     1     1     1     1     1     2     1     0   537     0
   548     1     1     2     2     4     6     8     0     0     0     0     1     1     1     1   491     0
   549     1     4     1     8     2     4     6     1     1     0     0     1     2     1     1   708     0
   550     1     1     2     2     4     6     8     0     1     1     0     1     2     1     0   577     0
   551     1     1     2     2     4     6     8     0     0     1     1     0     1     0     1   545     0
   552     1     2     2     4     6     8     2     1     1     1     0     0     2     1     1   599     0
   553     1     1     2     2     4     6     8     0     0     1     1     0     2     1     1   489     0
   554     1     1     2     2     4     6     8     0     1     0     0     0     1     0     1   875     0
   555     2     6     2     3     5     7     1     0     0     0     0     0     3     0     1   446     0
   556     1     1     2     2     4     6     8     1     0     1     0     0     3     1     0   557     0
   557     2     5     0     1     3     5     7     0     1     0     1     1     3     1     1   422     1
   558     2     6     2     3     5     7     1     1     0     0     0     0     2     1     1   446     0
   559     1     3     1     6     8     2     4     1     0     1     0     0     3     0     0   721     0
   560     1     1     2     2     4     6     8     1     0     0     1     0     2     0     0   442     0
   561     2     7     0     5     7     1     3     1     1     1     0     0     3     0     1   856     0
   562     2     5     0     1     3     5     7     1     0     1     0     0     2     0     1   643     1
   563     1     3     1     6     8     2     4     0     0     0     0     0     3     1     0   716     0
   564     1     3     1     6     8     2     4     1     1     1     0     0     1     1     1  1059     0
   565     2     6     2     3     5     7     1     0     0     1     1     1     3     1     1   467     0
   566     2     6     2     3     5     7     1     0     0     1     0     1     1     0     0   422     0
   567     1     3     1     6     8     2     4     0     1     0     0     1     3     0     1   570     0
   568     1     3     1     6     8     2     4     0     1     1     0     0     1     0     0   620     0
   569     2     8     1     7     1     3     5     1     0     0     0     0     3     1     1   529     0
   570     1     1     2     2     4     6     8     1     1     1     0     1     3     0     1   422     0
   571     1     4     1     8     2     4     6     1     0     0     1     1     2     0     1   460     0
   572     1     1     2     2     4     6     8     0     0     0     1     0     2     1     0   632     0
   573     1     3     1     6     8     2     4     0     1     1     0     1     2     0     1   398     0
   574     1     1     2     2     4     6     8     1     0     0     0     0     2     1     1   411     0
   575     1     2     2     4     6     8     2     1     1     0     0     0     2     0     1   469     0
   576     1     2     2     4     6     8     2     1     0     1     1     1     1     0     1   602     0
   577     2     8     1     7     1     3     5     0     0     0     1     0     3     1     0   694     0
   578     1     3     1     6     8     2     4     0     1     1     0     1     3     0     1   430     0
   579     1     1     2     2     4     6     8     1     1     1     1     0     2     1     0   616     0
   580     2     6     2     3     5     7     1     1     0     1     1     0     3     0     1   405     0
   581     1     4     1     8     2     4     6     1     1     1     1     0     3     0     1   494     0
   582     1     4     1     8     2     4     6     0     1     1     1     0     1     1     0   696     0
   583     1     1     2     2     4     6     8     0     1     1     1     1     2     0     0   726     0
   584     1     2     2     4     6     8     2     1     0     0     0     0     2     1     1   730     0
   585     2     5     0     1     3     5     7     1     1     0     1     1     3     0     1   541     0
   586     2     7     0     5     7     1     3     0     0     1     0     0     2     1     1   603     0
   587     1     3     1     6     8     2     4     1     1     0     1     1     3     1     1   644     0
   588     1     3     1     6     8     2     4     1     1     0     1     1     1     0     0   431     0
   589     2     6     2     3     5     7     1     0     1     1     1     0     3     1     0   585     0
   590     2     6     2     3     5     7     1     0     1     1     1     0     1     0     0   353     0
   591     2     8     1     7     1     3     5     1     0     0     0     0     2     1     1   517     0
   592     2     6     2     3     5     7     1     1     0     0     0     1     2     0     0   578     0
   593     2     6     2     3     5     7     1     1     0     1     0     0     1     0     0   381     0
   594     2     6     2     3     5     7     1     1     0     0     1     0     1     0     0   416     0
   595     2     5     0     1     3     5     7     0     0     0     0     1     2     1     0   742     1
   596     2     5     0     1     3     5     7     0     0     1     1     1     1     0     0   463     1
   597     1     1     2     2     4     6     8     1     1     0     1     0     3     1     1   873     0
   598     1     2     2     4     6     8     2     0     1     1     1     0     2     1     0   723     0
   599     2     6     2     3     5     7     1     0     0     1     1     1     3     0     1   436     0
   600     2     6     2     3     5     7     1     0     0     0     0     1     1     0     0   373     0
   601     1     4     1     8     2     4     6     0     0     0     1     1     3     0     0   464     0
   602     1     4     1     8     2     4     6     1     1     0     0     1     1     1     1   442     0
   603     2     5     0     1     3     5     7     1     0     0     1     0     3     0     1   682     0
   604     2     5     0     1     3     5     7     0     1     1     1     1     1     1     1   700     0
   605     2     5     0     1     3     5     7     0     0     1     1     1     1     0     1   461     0
   606     1     2     2     4     6     8     2     0     1     0     0     0     3     0     1   589     0
   607     1     4     1     8     2     4     6     0     1     1     0     0     2     0     0   529     0
   608     1     4     1     8     2     4     6     1     1     0     1     1     1     1     0   649     0
   609     2     5     0     1     3     5     7     1     1     0     0     1     3     0     0   437     0
   610     2     5     0     1     3     5     7     1     1     0     1     0     1     0     0   360     0
   611     2     8     1     7     1     3     5     0     0     0     0     0     2     1     1   661     0
   612     2     5     0     1     3     5     7     1     1     1     0     0     2     1     1   478     0
   613     2     5     0     1     3     5     7     0     0     1     1     0     1     1     1   491     0
   614     2     5     0     1     3     5     7     0     0     1     0     1     1     0     0   438     0
   615     1     4     1     8     2     4     6     1     0     0     1     1     3     1     0   401     1
   616     1     1     2     2     4     6     8     0     0     1     0     0     2     1     0   498     0
   617     1     1     2     2     4     6     8     0     1     1     0     1     1     0     1   523     0
   618     1     1     2     2     4     6     8     0     1     1     1     1     1     0     0   448     0
   619     1     2     2     4     6     8     2     1     0     0     0     1     2     1     1   698     0
   620     2     5     0     1     3     5     7     1     1     1     0     0     3     0     1   823     0
   621     1     4     1     8     2     4     6     0     0     1     1     0     3     1     1   512     0
   622     1     4     1     8     2     4     6     0     0     1     0     0     1     0     0   516     0
   623     2     5     0     1     3     5     7     0     1     1     1     1     3     0     1   459     0
   624     2     8     1     7     1     3     5     0     1     1     1     0     2     0     0  1167     0
   625     2     7     0     5     7     1     3     0     0     0     1     1     2     0     1   585     0
   626     2     7     0     5     7     1     3     0     1     0     1     1     1     0     1   476     0
   627     1     4     1     8     2     4     6     1     1     1     1     1     3     1     0   869     0
   628     2     5     0     1     3     5     7     1     0     0     1     0     3     0     1   482     0
   629     2     8     1     7     1     3     5     1     0     1     0     0     2     0     0   559     0
   630     2     8     1     7     1     3     5     1     1     1     1     1     1     0     1   432     0
   631     1     3     1     6     8     2     4     0     1     0     1     0     3     1     0   766     0
   632     1     3     1     6     8     2     4     1     1     0     0     0     1     1     0  1500     2
   633     2     8     1     7     1     3     5     0     0     0     0     1     3     1     1   512     0
   634     1     1     2     2     4     6     8     0     1     1     1     1     3     0     1   470     0
   635     1     3     1     6     8     2     4     1     0     1     0     1     2     1     1   581     0
   636     1     3     1     6     8     2     4     0     1     1     1     0     1     1     1   412     0
   637     2     7     0     5     7     1     3     1     1     1     0     0     3     1     0  1034     0
   638     2     6     2     3     5     7     1     0     0     1     0     0     2     1     1   667     0
   639     1     4     1     8     2     4     6     0     1     1     0     1     3     0     1   650     0
   640     1     4     1     8     2     4     6     0     0     0     1     1     1     0     1   484     0
   641     1     4     1     8     2     4     6     1     1     1     1     1     1     1     1   497     0
   642     2     7     0     5     7     1     3     1     1     0     1     1     3     0     0   569     0
   643     2     7     0     5     7     1     3     1     0     1     1     1     1     0     1   475     0
   644     2     7     0     5     7     1     3     0     0     1     0     0     1     1     0   493     1
   645     2     6     2     3     5     7     1     1     0     0     0     1     2     1     0   570     0
   646     2     7     0     5     7     1     3     1     1     1     0     1     2     0     1   432     0
   647     2     6     2     3     5     7     1     1     0     0     0     0     2     0     1   384     0
   648     2     7     0     5     7     1     3     0     1     1     0     0     2     1     1   416     0
   649     1     2     2     4     6     8     2     0     1     0     1     1     3     0     0  1103     0
   650     1     3     1     6     8     2     4     0     0     0     0     1     2     0     1   515     0
   651     1     3     1     6     8     2     4     1     0     1     0     1     1     1     0   473     0
   652     1     3     1     6     8     2     4     0     1     1     1     1     1     1     1   519     0
   653     1     4     1     8     2     4     6     1     1     1     0     0     2     1     0   492     1
   654     1     1     2     2     4     6     8     0     1     0     0     1     2     1     0   758     0
   655     2     8     1     7     1     3     5     1     1     1     1     1     3     1     0   565     0
   656     2     8     1     7     1     3     5     0     0     0     0     1     1     1     1   461     0
   657     2     6     2     3     5     7     1     1     1     0     1     0     2     1     1   475     0
   658     2     6     2     3     5     7     1     0     1     1     1     0     1     1     0   520     0
   659     1     4     1     8     2     4     6     1     1     1     0     1     3     1     0   682     0
   660     1     4     1     8     2     4     6     0     0     1     0     0     1     1     1   489     0
   661     1     2     2     4     6     8     2     0     1     1     0     0     2     0     1   781     0
   662     1     4     1     8     2     4     6     0     1     1     1     1     2     0     0   481     0
   663     1     4     1     8     2     4     6     0     0     1     1     1     1     0     1   480     0
   664     1     4     1     8     2     4     6     0     0     1     0     1     1     0     0   500     0
   665     1     4     1     8     2     4     6     1     0     0     0     0     1     1     0   546     0
   666     1     3     1     6     8     2     4     0     1     0     1     1     2     1     1   569     0
   667     2     6     2     3     5     7     1     1     1     1     1     0     3     1     0   549     0
   668     1     3     1     6     8     2     4     0     1     1     1     1     3     1     0   434     0
   669     2     5     0     1     3     5     7     0     1     0     0     1     3     0     0   784     0
   670     2     6     2     3     5     7     1     0     1     1     1     1     2     0     0   471     0
   671     1     4     1     8     2     4     6     1     1     1     0     1     3     1     0   467     0
   672     2     5     0     1     3     5     7     0     1     1     1     1     3     1     0   413     0
   673     1     3     1     6     8     2     4     1     1     1     0     0     3     1     0   472     0
   674     1     4     1     8     2     4     6     0     0     0     1     0     2     1     1   418     0
   675     1     4     1     8     2     4     6     1     0     1     0     0     1     1     0   472     0
   676     1     4     1     8     2     4     6     0     1     0     1     1     1     1     1   472     0
   677     1     3     1     6     8     2     4     1     1     1     1     1     2     1     0   515     0
   678     1     3     1     6     8     2     4     0     0     0     1     1     1     1     1   719     0
   679     2     6     2     3     5     7     1     0     0     0     1     1     3     0     0   495     0
   680     1     1     2     2     4     6     8     0     1     0     0     1     3     0     1   426     0
   681     1     2     2     4     6     8     2     0     0     1     1     1     2     0     1   374     1
   682     1     2     2     4     6     8     2     1     0     0     1     1     1     1     0   417     0
   683     1     3     1     6     8     2     4     1     1     0     0     0     2     0     1   353     0
   684     1     2     2     4     6     8     2     0     1     0     1     0     2     1     0   637     0
   685     1     2     2     4     6     8     2     0     1     1     0     0     1     0     0   479     1
   686     1     2     2     4     6     8     2     1     1     0     0     1     1     1     0   678     0
   687     2     5     0     1     3     5     7     1     0     1     1     0     3     0     1  1070     0
   688     2     5     0     1     3     5     7     1     0     0     1     1     1     0     0   699     0
   689     1     4     1     8     2     4     6     0     1     1     1     0     3     1     1   659     0
   690     2     7     0     5     7     1     3     0     1     1     1     0     3     0     0   821     0
   691     1     1     2     2     4     6     8     1     1     0     1     0     3     1     0   581     0
   692     1     1     2     2     4     6     8     0     1     1     0     1     1     1     0   566     0
   693     1     2     2     4     6     8     2     0     1     0     1     0     2     0     0   732     0
   694     1     3     1     6     8     2     4     1     1     0     0     0     2     1     0   580     0
   695     1     1     2     2     4     6     8     0     0     0     0     0     2     1     1   548     1
   696     1     2     2     4     6     8     2     1     0     1     1     1     2     1     0  1038     0
   697     1     4     1     8     2     4     6     1     0     1     1     0     2     0     0   586     1
   698     1     2     2     4     6     8     2     0     0     1     0     1     2     1     0   531     0
   699     2     6     2     3     5     7     1     1     1     1     0     1     3     1     1   471     1
   700     1     3     1     6     8     2     4     1     1     0     0     1     3     0     0   609     0
   701     2     7     0     5     7     1     3     0     1     1     0     1     3     1     0  1213     0
   702     2     7     0     5     7     1     3     0     1     1     1     0     1     0     0   623     1
   703     2     5     0     1     3     5     7     1     1     1     0     0     2     1     0   917     0
   704     2     5     0     1     3     5     7     1     0     0     0     0     1     0     1   515     0
   705     2     5     0     1     3     5     7     0     1     0     1     1     1     1     1   759     0
   706     2     5     0     1     3     5     7     1     0     0     1     0     1     1     1   471     0
   707     2     6     2     3     5     7     1     0     0     0     0     0     2     1     0   467     0
   708     2     6     2     3     5     7     1     0     0     1     1     1     1     0     0   476     0
   709     1     4     1     8     2     4     6     0     0     1     0     0     3     0     0   544     0
   710     1     3     1     6     8     2     4     0     0     0     0     0     2     0     0   499     0
   711     2     6     2     3     5     7     1     0     1     1     1     0     3     0     1   488     0
   712     2     6     2     3     5     7     1     0     1     0     1     0     1     0     0   380     0
   713     2     5     0     1     3     5     7     0     0     1     0     0     2     0     1   620     0
   714     2     7     0     5     7     1     3     1     1     1     1     1     2     1     1   559     0
   715     2     7     0     5     7     1     3     0     0     1     1     1     1     1     1   892     0
   716     2     8     1     7     1     3     5     1     1     1     0     1     2     1     1  1333     0
   717     2     7     0     5     7     1     3     0     0     1     1     1     2     1     1   922     0
   718     1     2     2     4     6     8     2     0     0     1     1     0     3     0     0   487     0
   719     2     6     2     3     5     7     1     0     0     0     0     0     3     0     0   460     0
   720     2     6     2     3     5     7     1     1     1     1     1     0     1     1     1   493     0
   721     1     4     1     8     2     4     6     0     0     0     1     1     3     1     1   516     0
   722     1     4     1     8     2     4     6     0     1     0     1     1     1     0     1   532     0
   723     2     5     0     1     3     5     7     1     1     1     1     1     3     1     0   614     0
   724     1     4     1     8     2     4     6     1     1     0     0     1     3     0     0  1074     0
   725     2     5     0     1     3     5     7     0     1     1     1     0     3     1     0   599     0
   726     2     6     2     3     5     7     1     1     0     0     0     0     2     1     1   551     0
   727     2     7     0     5     7     1     3     0     0     0     1     1     2     1     0   937     1
   728     2     7     0     5     7     1     3     0     0     1     1     0     1     0     0   636     0
   729     2     6     2     3     5     7     1     0     1     1     0     0     2     0     1   552     0
   730     2     6     2     3     5     7     1     1     1     0     1     1     1     1     0   445     0
   731     2     7     0     5     7     1     3     0     1     0     0     1     2     1     0   490     0
   732     2     8     1     7     1     3     5     1     1     0     1     0     2     1     0   559     1
   733     1     2     2     4     6     8     2     0     1     0     0     1     3     1     0   648     0
   734     1     2     2     4     6     8     2     0     0     0     0     0     1     0     1   602     0
   735     2     5     0     1     3     5     7     1     0     0     1     1     3     1     0   683     0
   736     2     5     0     1     3     5     7     1     1     1     0     1     1     0     1   537     0
   737     1     3     1     6     8     2     4     1     1     1     0     1     3     0     0   609     0
   738     1     3     1     6     8     2     4     1     1     0     0     1     1     0     0   739     0
   739     1     3     1     6     8     2     4     0     0     1     0     0     1     1     1   865     0
   740     2     6     2     3     5     7     1     0     0     1     1     1     3     0     0   711     0
   741     1     1     2     2     4     6     8     0     1     0     1     0     3     0     1   598     0
   742     1     1     2     2     4     6     8     0     1     0     0     1     1     0     0   547     0
   743     2     8     1     7     1     3     5     0     1     0     0     0     3     0     0   661     0
   744     2     8     1     7     1     3     5     0     0     0     0     1     1     0     1   514     0
   745     2     8     1     7     1     3     5     1     0     0     1     1     1     1     0   600     0
   746     2     8     1     7     1     3     5     0     0     1     1     0     1     1     0   473     0
   747     1     4     1     8     2     4     6     0     1     0     0     1     3     0     1   597     1
   748     1     4     1     8     2     4     6     0     0     0     0     1     1     0     1   554     0
   749     2     7     0     5     7     1     3     1     0     0     1     0     3     1     0   936     0
   750     2     7     0     5     7     1     3     0     0     0     1     0     1     1     0   493     0
   751     2     6     2     3     5     7     1     0     0     0     1     0     2     0     0   738     0
   752     2     6     2     3     5     7     1     0     0     1     1     0     1     0     0   403     0
   753     1     2     2     4     6     8     2     0     1     1     0     0     3     0     1   639     0
   754     1     2     2     4     6     8     2     1     1     0     0     0     1     1     0  1500     2
   755     1     2     2     4     6     8     2     1     1     1     0     1     1     0     0   499     0
   756     2     5     0     1     3     5     7     1     0     1     0     0     3     0     1   815     0
   757     2     6     2     3     5     7     1     1     1     0     0     1     2     0     1   497     0
   758     1     1     2     2     4     6     8     0     0     0     0     0     3     1     1   519     0
   759     1     2     2     4     6     8     2     0     0     0     0     1     2     0     0   715     0
   760     1     3     1     6     8     2     4     1     0     1     0     0     2     1     0   542     1
   761     1     4     1     8     2     4     6     1     0     0     1     0     2     0     0   780     0
   762     1     4     1     8     2     4     6     1     1     0     0     1     1     0     1   477     0
   763     2     8     1     7     1     3     5     0     1     0     0     0     3     1     0   698     0
   764     2     8     1     7     1     3     5     1     0     0     0     1     1     1     1   550     0
   765     1     3     1     6     8     2     4     0     0     1     0     1     3     1     0   621     0
   766     2     6     2     3     5     7     1     1     0     0     1     0     3     1     0   434     0
   767     1     2     2     4     6     8     2     0     1     1     1     1     3     1     1   661     0
   768     1     3     1     6     8     2     4     1     0     1     0     0     2     1     1   567     0
   769     1     1     2     2     4     6     8     0     0     0     1     0     2     1     0   862     0
   770     2     8     1     7     1     3     5     1     1     1     0     0     3     1     1   728     0
   771     2     6     2     3     5     7     1     1     0     0     0     1     2     0     1   460     0
   772     2     8     1     7     1     3     5     1     0     1     0     0     2     0     0   716     1
   773     2     8     1     7     1     3     5     0     1     0     0     1     1     1     1   518     0
   774     2     7     0     5     7     1     3     1     1     1     0     0     2     1     0   736     1
   775     1     1     2     2     4     6     8     1     0     1     1     1     3     0     1   502     0
   776     1     1     2     2     4     6     8     1     0     1     0     0     1     0     0   488     0
   777     2     5     0     1     3     5     7     1     0     0     0     0     3     0     0   459     0
   778     2     5     0     1     3     5     7     1     1     0     1     0     1     0     1   454     0
   779     2     5     0     1     3     5     7     1     1     1     1     1     1     0     0   375     0
   780     2     5     0     1     3     5     7     1     1     1     1     0     1     0     0   422     0
   781     2     5     0     1     3     5     7     1     1     1     0     1     1     0     0   389     0
   782     2     5     0     1     3     5     7     0     0     0     0     0     1     1     1   546     1
   783     1     3     1     6     8     2     4     1     0     1     1     1     3     1     0   654     0
   784     2     8     1     7     1     3     5     0     0     1     0     1     3     1     0   704     0
   785     1     3     1     6     8     2     4     0     0     0     0     0     3     0     0   720     0
   786     1     4     1     8     2     4     6     0     0     1     1     1     2     0     0   605     0
   787     1     3     1     6     8     2     4     0     0     1     1     1     2     0     0   520     0
   788     1     3     1     6     8     2     4     1     1     0     1     0     1     1     1   795     0
   789     2     8     1     7     1     3     5     0     0     1     0     0     3     1     1   526     0
   790     2     5     0     1     3     5     7     1     1     1     1     1     2     1     1   718     0
   791     2     6     2     3     5     7     1     0     1     0     1     0     2     1     0   667     0
   792     2     5     0     1     3     5     7     0     1     0     1     1     2     0     0   529     0
   793     1     1     2     2     4     6     8     0     1     1     0     0     3     0     0   534     0
   794     1     2     2     4     6     8     2     0     0     0     1     0     2     0     1   529     0
   795     1     1     2     2     4     6     8     1     0     1     1     0     2     1     0   498     0
   796     2     8     1     7     1     3     5     1     1     0     1     0     3     0     1   459     0
   797     1     2     2     4     6     8     2     0     1     1     1     1     3     1     0   636     0
   798     1     2     2     4     6     8     2     1     0     0     1     1     1     1     1   530     0
   799     1     4     1     8     2     4     6     0     0     0     1     0     2     1     0   735     0
   800     1     4     1     8     2     4     6     0     1     1     0     1     1     0     1   455     0
   801     2     5     0     1     3     5     7     1     1     1     0     1     3     1     0   568     0
   802     2     6     2     3     5     7     1     1     1     0     0     0     2     0     0   582     0
   803     2     5     0     1     3     5     7     1     0     1     1     0     2     0     1   598     0
   804     2     7     0     5     7     1     3     0     1     0     0     1     2     1     1   709     0
   805     2     6     2     3     5     7     1     1     1     1     1     0     2     1     0   494     0
   806     2     7     0     5     7     1     3     1     1     0     0     0     2     0     0   981     0
   807     2     6     2     3     5     7     1     1     1     0     0     1     2     0     0   500     0
   808     2     6     2     3     5     7     1     0     0     1     1     1     1     1     1   643     0
   809     1     4     1     8     2     4     6     1     1     0     1     0     3     1     1   493     0
   810     1     4     1     8     2     4     6     1     0     1     1     0     1     0     1   599     0
   811     1     3     1     6     8     2     4     0     0     1     1     0     2     1     0   740     0
   812     1     3     1     6     8     2     4     0     0     1     1     1     1     0     0   498     0
   813     1     3     1     6     8     2     4     1     1     0     0     0     1     1     1   734     0
   814     1     1     2     2     4     6     8     1     0     1     1     0     2     0     1   454     0
   815     2     7     0     5     7     1     3     0     1     1     0     1     3     1     1   691     0
   816     2     7     0     5     7     1     3     0     1     1     0     1     1     0     0  1023     0
   817     2     8     1     7     1     3     5     1     1     1     0     1     2     1     0   468     0
   818     2     5     0     1     3     5     7     1     1     1     0     1     2     0     0   427     0
   819     2     8     1     7     1     3     5     1     0     0     0     0     2     0     1   542     0
   820     2     8     1     7     1     3     5     1     1     1     1     1     1     0     1   445     0
   821     2     7     0     5     7     1     3     0     0     1     1     1     2     1     1   640     0
   822     2     7     0     5     7     1     3     1     0     0     1     1     1     1     0   525     0
   823     1     4     1     8     2     4     6     0     1     1     0     0     3     1     1   584     0
   824     1     4     1     8     2     4     6     1     1     1     0     1     1     1     0   421     0
   825     2     5     0     1     3     5     7     1     0     0     1     0     3     0     1   508     0
   826     2     5     0     1     3     5     7     1     1     0     1     1     1     0     1   463     1
   827     1     3     1     6     8     2     4     0     0     0     0     1     3     1     1   898     1
   828     2     6     2     3     5     7     1     0     1     1     1     0     3     0     1  1065     0
   829     1     3     1     6     8     2     4     0     1     0     0     0     3     0     0   620     0
   830     1     3     1     6     8     2     4     1     1     0     0     0     1     1     0   807     0
   831     1     2     2     4     6     8     2     1     0     1     0     0     2     0     1   593     0
   832     1     3     1     6     8     2     4     0     0     0     0     0     2     1     0   586     0
   833     1     2     2     4     6     8     2     1     1     1     0     1     2     1     1   453     0
   834     1     2     2     4     6     8     2     0     0     1     1     1     1     1     1   571     0
   835     2     7     0     5     7     1     3     1     1     0     1     0     3     1     1   664     0
   836     2     7     0     5     7     1     3     1     1     1     1     1     1     0     0   504     0
   837     2     8     1     7     1     3     5     0     0     0     1     0     2     1     1   548     0
   838     1     3     1     6     8     2     4     1     1     0     0     0     3     1     1   457     0
   839     1     3     1     6     8     2     4     0     0     0     0     1     1     1     1   581     1
   840     1     4     1     8     2     4     6     0     1     0     1     0     2     0     1   591     0
   841     1     4     1     8     2     4     6     0     1     1     0     0     1     0     0   410     0
   842     1     4     1     8     2     4     6     1     0     0     0     1     1     1     1   493     0
   843     2     5     0     1     3     5     7     1     0     1     0     0     3     0     0   944     1
   844     2     8     1     7     1     3     5     1     1     1     1     1     2     0     1   539     0
   845     2     8     1     7     1     3     5     0     1     1     0     0     1     1     0   453     0
   846     2     6     2     3     5     7     1     0     1     0     1     0     2     0     0   524     0
   847     2     5     0     1     3     5     7     0     0     0     1     0     2     0     1   474     0
   848     2     5     0     1     3     5     7     0     0     0     0     0     1     0     0   424     0
   849     2     8     1     7     1     3     5     1     1     1     0     0     2     1     1   435     0
   850     2     8     1     7     1     3     5     1     0     1     0     0     1     0     1   540     0
   851     1     1     2     2     4     6     8     0     0     0     0     0     3     1     0   567     0
   852     1     1     2     2     4     6     8     0     1     1     0     1     1     0     1   500     0
   853     2     5     0     1     3     5     7     1     0     0     1     1     3     1     1   570     0
   854     2     5     0     1     3     5     7     1     1     0     1     0     1     0     1   477     0
   855     2     7     0     5     7     1     3     0     0     0     1     0     2     1     1   460     1
   856     1     2     2     4     6     8     2     0     1     1     1     0     3     0     1   611     0
   857     1     4     1     8     2     4     6     1     0     0     0     1     2     1     1  1261     0
   858     1     4     1     8     2     4     6     0     0     1     1     0     1     1     0   501     0
   859     2     8     1     7     1     3     5     1     1     0     1     0     3     1     1   419     0
   860     2     8     1     7     1     3     5     0     1     1     0     1     1     1     0   406     0
   861     1     1     2     2     4     6     8     0     1     0     1     1     3     0     0   539     0
   862     1     1     2     2     4     6     8     0     1     0     1     1     1     0     0   415     0
   863     1     1     2     2     4     6     8     1     1     1     1     1     1     1     0   486     0
   864     1     1     2     2     4     6     8     0     0     1     1     1     1     1     1   530     0
   865     1     2     2     4     6     8     2     1     1     0     1     0     2     1     1   600     0
   866     1     2     2     4     6     8     2     1     0     1     1     0     1     0     1   622     0
   867     1     1     2     2     4     6     8     1     1     0     1     0     2     0     1   481     0
   868     1     1     2     2     4     6     8     0     1     1     0     0     1     1     0   489     0
   869     1     2     2     4     6     8     2     0     1     0     0     0     2     0     0  1449     0
   870     2     7     0     5     7     1     3     1     1     1     1     1     3     1     0  1225     0
   871     1     1     2     2     4     6     8     0     1     0     1     1     3     1     0   702     0
   872     1     1     2     2     4     6     8     0     1     1     1     1     1     0     0   441     0
   873     1     2     2     4     6     8     2     0     1     1     1     1     2     0     0   775     0
   874     1     2     2     4     6     8     2     0     1     0     1     0     1     0     0   626     0
   875     1     3     1     6     8     2     4     0     1     0     0     1     2     0     0   492     0
   876     2     8     1     7     1     3     5     0     1     1     0     0     3     0     0   409     0
   877     2     8     1     7     1     3     5     0     1     0     0     0     1     0     0   436     0
   878     2     5     0     1     3     5     7     0     1     1     0     0     2     0     0   918     0
   879     1     2     2     4     6     8     2     0     1     0     0     1     3     0     0   513     0
   880     1     2     2     4     6     8     2     0     1     0     0     0     1     0     0   623     0
   881     1     1     2     2     4     6     8     1     0     0     1     0     2     1     1   957     0
   882     1     1     2     2     4     6     8     0     1     1     0     1     1     1     1   527     0
   883     1     2     2     4     6     8     2     1     0     1     0     1     2     1     1   647     1
   884     1     2     2     4     6     8     2     1     1     1     1     1     1     0     1   383     0
   885     2     8     1     7     1     3     5     1     0     1     1     1     3     0     1   464     1
   886     2     8     1     7     1     3     5     0     1     1     0     1     1     1     1   575     0
   887     2     7     0     5     7     1     3     0     0     1     1     0     2     0     1   497     0
   888     2     7     0     5     7     1     3     1     0     1     1     0     1     1     0   606     0
   889     1     1     2     2     4     6     8     1     1     1     1     0     3     0     1   543     0
   890     1     1     2     2     4     6     8     0     1     1     1     0     1     1     0   709     0
   891     2     5     0     1     3     5     7     1     1     0     1     0     3     1     0   642     0
   892     2     5     0     1     3     5     7     0     1     1     0     1     1     1     0   564     0
   893     2     8     1     7     1     3     5     0     0     1     1     0     2     0     1   816     0
   894     2     6     2     3     5     7     1     1     0     0     1     1     2     1     0   546     0
   895     2     5     0     1     3     5     7     1     1     1     1     1     2     0     1   592     0
   896     2     6     2     3     5     7     1     0     0     0     1     1     2     1     1   418     1
